
21,39,75,45,21,8,0,0
71,101,105,90,59,25,8,4
83,110,109,94,66,30,13,6

27,46,84,59,36,13,5,0
66,95,122,95,77,45,24,18
80,103,124,96,80,47,27,18

47,89,103,93,68,30,9,0
85,126,132,125,94,52,30,18
97,134,138,130,98,56,34,23

28,60,100,80,55,24,2,0
58,87,132,110,82,49,16,8
78,105,133,114,87,50,19,10

29,63,100,82,54,22,5,0
66,103,127,112,86,47,15,8

12,31,60,51,35,5,0,0
46,73,77,66,51,17,5,1

41,60,68,70,15,0,0,0
63,84,96,88,41,17,10,6

15,68,83,79,36,1,0,1
55,85,90,82,43,1,1,3
65,86,89,79,41,1,1,2

17,64,90,74,34,0,3,2
67,81,94,74,38,1,5,2

11,39,72,27,4,0,0,0
51,84,105,68,25,4,7,7
60,86,104,68,25,3,5,5

47,28,66,30,5,0,0,0
132,107,119,87,62,27,36,32
147,121,121,90,61,27,35,32

36,38,61,26,7,0,0,0
94,83,94,65,30,7,12,5
110,96,102,75,38,13,18,9

15,32,50,38,7,0,0,0
90,82,90,85,52,5,13,11
104,99,96,90,57,8,15,15

23,45,58,41,7,0,0,0
75,85,87,71,36,4,15,11
95,93,95,75,39,8,16,13

16,34,41,41,3,0,0,0
87,84,86,73,29,10,10,6
104,98,91,73,32,13,13,8

14,42,69,35,1,0,0,0
47,66,82,56,9,0,0,0

27,64,96,65,11,0,0,0
45,70,94,64,12,0,0,0

31,73,84,73,28,3,5,1
64,87,90,76,36,7,8,2

19,50,56,64,13,0,0,0
43,81,79,82,37,6,4,5
68,87,83,80,38,7,4,4

18,45,54,71,20,1,0,0
68,79,83,94,49,16,8,3
75,89,88,94,52,17,9,5

17,51,39,72,29,0,0,0
57,80,65,82,46,10,2,0
64,83,69,82,47,12,2,0

19,56,64,76,33,1,0,0
46,88,93,95,61,17,7,4
55,92,94,92,58,16,6,3

11,33,33,54,19,0,0,0
36,81,71,81,42,11,1,0
54,95,83,88,50,16,4,2

36,56,94,52,24,0,1,0
61,84,100,59,31,1,1,1

22,41,55,49,15,0,0,0
62,86,83,74,48,11,11,3
79,94,88,75,49,12,14,4

14,30,56,41,8,0,0,0
59,76,91,80,40,7,9,6
91,94,96,83,48,10,13,7
97,98,96,81,48,11,12,6

34,55,74,65,24,0,3,0
60,84,92,82,47,10,15,7
78,89,94,79,47,9,15,5

18,37,65,58,11,0,0,0
46,77,88,79,45,11,15,4
58,82,90,78,45,10,15,3

10,49,88,39,1,0,0,0
38,78,96,59,15,1,0,0
46,78,93,57,13,0,0,0

28,58,89,71,14,0,0,0
42,67,89,72,15,0,0,0

21,42,73,43,1,0,0,0
40,70,95,77,17,0,0,0
54,79,103,87,24,2,3,2
65,83,103,89,24,3,3,2

31,58,74,49,6,0,0,0
51,65,78,57,9,0,0,0

26,31,57,35,13,6,1,4
38,67,92,70,48,27,10,19
63,79,94,72,52,29,11,18

8,15,39,46,3,0,0,0
31,68,82,74,37,14,6,6
53,88,92,86,51,20,13,15

25,81,98,65,18,0,0,0
37,93,107,78,26,2,2,0

20,48,72,37,1,0,0,0
39,77,99,63,16,0,0,0
57,103,118,85,31,0,5,0

25,73,101,62,19,7,3,0
43,105,119,83,40,23,10,2
54,117,121,90,46,30,14,5

32,52,71,52,22,2,0,0
48,81,106,85,61,32,13,8
59,100,113,95,70,44,22,16

33,69,80,75,8,1,2,0
80,100,104,98,29,18,20,7
80,100,104,98,29,18,20,7

89,88,107,111,36,5,24,21
89,88,107,111,36,5,24,21
106,107,112,113,39,8,28,24

19,22,43,57,1,0,0,0
64,85,107,101,25,3,6,6
85,107,129,121,49,18,28,26
94,109,127,119,48,15,27,23

41,72,105,77,16,0,0,0
63,101,129,98,31,8,1,1
77,111,135,108,38,19,3,3

11,32,76,55,0,0,0,0
28,62,106,82,9,1,0,0
64,94,121,104,33,20,1,0
75,103,123,108,40,25,5,0
82,107,121,107,40,22,5,0

49,67,77,64,13,0,0,0
85,103,115,104,47,7,12,15
105,118,126,115,60,13,24,27
111,122,125,114,59,12,23,26

38,68,76,84,23,0,0,0
66,105,111,117,49,7,17,15
103,123,121,126,64,15,30,27

26,36,30,50,12,0,0,0
54,73,76,85,32,0,2,0
81,106,111,120,57,6,19,17
99,121,120,127,67,13,28,27

27,55,54,69,16,0,0,0
63,101,101,109,46,2,10,10
63,101,101,109,46,2,10,10
82,119,117,120,65,8,25,25
99,126,119,120,66,10,26,29
99,126,119,120,66,10,26,29

30,62,102,82,13,0,0,0
54,85,117,99,26,0,5,0

15,23,71,50,2,0,0,0
40,74,121,102,29,0,2,0
68,95,133,116,45,9,17,6
79,103,135,117,48,9,19,8

43,74,93,91,29,1,3,9
78,112,125,120,65,27,27,31
96,126,131,130,73,34,38,38

43,63,86,88,21,0,1,2
43,63,86,88,21,0,1,2
82,108,120,116,56,11,23,29
126,125,128,122,70,25,32,39
147,133,131,122,75,30,35,42

57,86,75,88,30,2,6,2
83,114,108,119,66,20,29,20
99,127,115,125,70,27,33,26
105,129,116,123,68,27,31,25

27,41,69,54,9,0,0,0
70,94,124,103,40,23,23,15
94,114,134,113,51,35,33,31

14,58,98,60,3,0,0,0
22,84,118,86,16,2,4,0
52,94,117,87,17,2,4,0

41,61,95,56,12,3,0,1
69,95,123,98,50,25,22,18
92,112,128,108,64,32,32,30
105,119,129,109,66,33,34,33

55,89,94,92,39,2,7,8
84,97,96,92,41,2,7,8

27,58,58,78,25,0,0,1
88,102,98,109,57,12,15,18
111,118,109,115,67,20,23,27

20,25,32,48,2,0,0,0
20,25,32,48,2,0,0,0
56,83,100,100,34,5,9,11
103,106,113,109,56,16,26,26
121,113,116,109,59,20,28,31

67,82,92,94,38,5,7,14
95,110,111,109,59,16,28,33
131,121,114,108,62,20,30,33

27,91,102,94,28,6,6,0
27,91,102,94,28,6,6,0
53,110,112,108,43,14,13,1
63,112,110,105,40,11,12,1

16,71,102,77,12,0,0,0
42,90,115,94,28,1,3,2

29,86,108,91,21,0,2,1
50,103,123,106,35,1,12,6

27,80,103,88,15,0,0,0
52,93,111,100,23,0,3,0

8,70,73,62,2,0,0,0
32,96,93,83,12,0,0,0

32,59,67,39,6,0,0,0
77,106,110,89,54,25,24,16
101,119,117,94,59,31,31,20

27,68,68,63,13,0,2,0
55,97,98,91,42,18,21,8
80,105,102,90,45,20,22,8

23,45,59,57,5,0,1,0
84,98,104,96,51,30,25,14

31,70,76,81,28,5,5,0
103,106,102,100,57,25,21,11
111,113,106,101,62,32,24,14

23,54,52,56,12,0,0,0
75,103,99,93,48,21,18,10
95,111,103,97,56,27,22,13

31,69,99,73,23,7,3,2
57,81,100,72,23,7,2,1

32,59,97,67,34,1,1,1
71,92,124,94,76,22,23,22
87,107,132,109,88,40,38,39
101,115,134,109,91,45,43,43

34,54,68,53,17,0,0,0
86,94,106,88,53,18,23,9
102,110,110,94,58,26,26,14

19,35,30,31,3,0,0,0
75,94,94,94,50,22,16,4
107,111,107,108,69,38,31,19
112,120,110,110,74,43,36,24

44,77,79,82,44,8,11,2
70,106,107,104,64,27,25,12
92,116,110,105,66,31,26,15

29,64,95,55,18,0,0,0
66,98,117,89,40,14,15,13

27,70,111,73,37,10,3,3
64,93,131,99,60,32,24,19
80,106,135,105,65,35,28,23

18,39,64,43,8,0,0,0
73,92,114,97,59,23,26,23
94,114,127,109,75,39,43,36

14,33,52,45,6,0,0,0
60,91,106,85,49,23,19,11
98,113,114,97,58,34,24,17

48,72,95,93,51,17,20,8
96,105,111,110,72,38,41,30
122,115,112,109,72,41,42,31

29,45,55,73,23,2,2,1
64,88,84,98,55,26,17,11
64,88,84,98,55,26,17,11

35,57,83,81,40,4,10,4
59,88,111,107,66,22,34,20
99,115,125,118,82,38,47,37
112,128,126,118,81,39,46,38

47,71,82,76,42,6,12,3
84,104,108,101,73,31,37,24
103,122,116,104,81,43,45,31

12,35,73,42,1,0,0,0
47,80,101,73,27,7,6,0

33,80,106,87,37,20,5,4
75,105,126,103,61,37,22,16

34,56,83,86,40,4,11,1
91,104,114,110,79,39,38,30
103,117,123,116,87,49,48,40

42,58,71,81,41,7,9,3
76,99,111,118,76,43,35,28

57,74,93,93,47,17,17,8
113,110,125,121,81,52,42,36
118,119,127,120,82,52,42,37

66,33,45,66,16,0,1,0
97,75,92,106,52,16,26,18
112,102,113,114,64,29,33,28
114,107,117,112,63,29,32,28

30,52,95,78,21,14,7,0
72,89,124,103,43,34,20,5
94,102,131,110,49,44,27,11

41,74,114,78,45,21,7,7
92,100,132,97,61,43,26,24
106,115,136,99,63,44,28,28

20,40,80,48,5,0,0,0
60,76,97,82,19,2,9,3
69,78,96,81,18,1,7,2

25,53,97,77,11,0,1,0
69,81,109,102,37,9,17,8
86,92,111,105,41,12,25,13

14,36,67,39,3,0,0,0
47,77,114,86,52,34,13,17
74,102,131,103,70,55,31,33
93,111,131,102,70,54,33,32

20,34,51,66,15,0,0,0
57,83,109,112,64,30,19,17
81,101,116,125,80,44,33,30
89,106,119,124,79,43,32,30

47,62,77,98,59,12,6,7
84,91,101,114,75,34,21,27
94,106,111,117,80,40,26,33

28,43,78,78,34,0,2,1
58,86,106,108,66,24,22,22
78,104,111,110,68,27,24,27
86,106,111,108,66,25,22,25

44,91,90,105,65,38,22,21
75,106,106,115,82,51,32,35
88,117,113,119,88,60,37,42
96,124,114,118,87,60,37,40

48,75,102,77,54,23,16,11
70,92,107,81,58,28,20,14
79,97,108,81,56,27,19,12

25,70,104,59,17,4,0,0
44,89,112,73,28,11,3,1
59,97,111,75,30,14,4,1

36,59,97,69,14,0,2,0
68,71,99,74,19,0,2,1
78,72,96,72,19,0,1,1
78,72,96,72,19,0,1,1

6,39,80,52,0,1,0,0
41,84,102,76,22,17,3,0
54,100,110,81,33,25,5,0

17,27,46,56,12,0,0,0
71,82,93,100,66,27,17,27
84,93,99,104,72,33,20,30
84,93,99,104,72,33,20,30

17,32,54,60,25,2,4,6
61,81,100,103,64,34,29,42
81,97,106,107,68,39,30,44
88,101,107,105,66,38,28,40

7,13,42,55,41,14,7,5
70,74,94,90,69,40,35,40
84,90,97,91,69,42,34,39

49,55,101,66,56,25,10,9
76,93,122,97,80,49,27,31
89,108,129,101,82,54,31,35

43,78,100,57,39,16,11,9
60,111,134,98,83,47,41,32
72,130,145,111,98,62,62,49
87,137,146,114,101,67,66,54

52,60,61,87,34,7,11,8
87,119,125,140,102,58,66,58
103,134,134,150,113,71,77,70

39,53,53,79,39,3,10,10
76,116,131,150,108,56,75,72
94,136,148,166,128,82,93,91
114,151,152,168,133,84,98,96

44,58,70,64,39,16,12,13
73,115,143,124,90,63,59,61
91,129,165,143,111,82,81,79
106,137,173,148,118,87,88,86
142,143,173,148,118,86,86,85

64,86,106,82,42,9,13,6
79,114,135,114,71,28,34,20
104,120,134,116,71,28,37,25

37,39,75,53,9,0,1,0
53,81,129,100,39,28,18,3
69,128,160,135,87,63,56,26
69,128,160,135,87,63,56,26
88,143,166,145,99,73,66,38

55,77,79,107,63,21,31,20
74,111,116,133,102,52,61,51
93,136,143,160,127,84,85,81
112,146,151,168,137,96,96,95
128,154,155,168,139,100,99,99

43,57,49,78,40,6,15,9
79,124,118,146,115,68,67,66
79,124,118,146,115,68,67,66
112,145,133,154,126,82,78,80
124,154,138,155,128,85,81,84

40,44,37,65,29,4,7,5
71,110,134,141,100,60,62,68
101,132,154,159,123,87,86,96
124,143,158,158,127,89,88,98

38,54,94,71,54,30,19,11
49,79,131,101,86,58,40,35
78,121,159,133,109,77,65,60
93,139,163,138,112,79,68,63
99,144,162,136,110,76,65,62

43,51,83,76,64,29,18,17
100,119,147,135,129,94,73,77
120,139,167,152,144,108,95,100
133,150,174,158,150,114,100,107

43,51,65,64,34,10,16,17
88,116,121,138,98,59,66,73
115,147,149,161,124,92,90,96
115,147,149,161,124,92,90,96
123,158,150,163,128,94,92,98

40,53,46,77,31,6,16,13
86,113,126,152,110,64,63,65
117,137,145,173,134,85,84,88
155,150,153,172,133,87,83,89

55,59,58,83,41,6,16,8
72,96,96,123,76,29,41,38
98,138,143,157,119,75,75,76
117,152,156,168,132,89,86,86
128,162,161,170,134,94,89,88

81,87,115,123,73,32,42,40
102,121,155,158,121,74,70,75
142,143,171,165,136,88,91,91
142,143,171,165,136,88,91,91

49,54,87,70,29,8,11,5
66,108,139,125,82,60,51,24
112,142,160,148,111,90,82,44
123,150,165,150,116,92,85,46

43,54,77,72,58,32,19,5
88,116,162,148,129,104,74,62
127,139,177,163,144,113,97,81
135,150,180,167,147,116,101,86

44,52,71,70,41,13,14,9
56,71,88,103,78,37,44,37
79,103,124,141,116,77,79,69
103,128,153,172,142,110,109,104
118,143,163,183,152,125,124,118
127,150,169,184,153,127,124,118

47,60,69,95,66,31,38,30
68,95,101,135,106,69,76,63
107,130,143,163,137,107,106,99
123,149,156,173,144,114,115,110

71,80,97,121,86,51,51,45
102,121,138,169,129,90,91,85
126,142,150,182,143,106,107,99
139,153,158,183,146,111,111,103

66,56,64,74,40,10,12,9
112,114,144,136,116,73,72,59
154,134,163,146,128,82,85,74
172,145,162,144,126,82,84,74
172,145,162,144,126,82,84,74

146,87,119,107,91,53,35,23
159,131,163,144,122,81,74,64
161,148,169,152,127,87,83,72

54,46,61,64,37,7,10,6
94,104,152,153,120,88,88,79
94,104,152,153,120,88,88,79
112,128,162,164,130,97,100,93
116,133,163,163,129,95,98,92

59,77,93,130,92,44,53,42
111,132,133,169,131,91,92,91
124,147,146,180,141,101,101,102

39,45,45,78,33,5,13,9
66,91,118,143,104,67,67,60
100,128,148,170,130,96,95,94
117,144,158,177,139,105,105,105
125,151,163,174,137,104,103,102
125,151,163,174,137,104,103,102

44,56,65,84,48,13,24,21
115,106,138,153,117,84,84,79
129,130,159,172,141,104,107,104
135,145,167,173,144,106,111,106

46,70,119,84,60,27,27,15
87,112,168,145,120,78,75,61
136,142,182,160,131,92,94,73
160,152,185,164,135,97,99,77
169,158,184,163,134,97,100,76

58,55,86,59,25,3,9,0
126,126,163,142,96,63,75,44
161,146,175,158,118,81,96,67

53,40,61,41,10,0,1,0
82,100,139,122,84,33,32,44
133,132,159,152,114,68,63,81
133,132,159,152,114,68,63,81
154,138,160,155,119,71,64,84

60,69,104,86,40,8,5,7
78,104,142,120,75,31,24,33
125,133,163,146,108,65,47,65
148,140,165,152,114,70,53,75

54,58,92,65,45,21,10,8
81,114,158,132,116,85,63,54
98,139,179,152,136,103,84,74
113,151,188,163,145,112,95,83
121,156,190,164,146,112,98,86

46,62,85,95,51,10,16,13
98,119,136,148,115,72,69,66
115,139,147,152,119,73,73,69

34,49,52,83,32,3,6,3
93,121,136,154,117,64,54,55
93,121,136,154,117,64,54,55
123,140,148,160,124,74,60,63

37,45,54,85,51,19,13,2
65,104,112,134,110,62,49,26
78,118,126,143,121,79,59,35

30,53,75,90,55,25,22,3
45,84,110,122,89,53,47,15
54,103,121,132,103,67,55,27
57,112,126,134,107,73,60,32

30,63,78,98,64,40,27,5
41,89,103,120,93,65,49,19
59,106,114,123,96,72,56,28
71,114,118,122,95,71,57,30

34,58,77,80,48,11,19,3
55,92,101,97,72,44,33,14
58,93,102,95,70,42,34,16

30,43,59,37,7,0,2,0
48,80,106,78,34,8,23,6
55,91,119,90,44,18,33,13
63,93,117,90,43,17,32,13

29,34,59,33,3,0,0,0
49,92,118,92,44,9,21,8
61,107,127,104,56,19,30,13

77,35,42,24,3,0,0,0
77,35,42,24,3,0,0,0
77,35,42,24,3,0,0,0

99,34,28,13,0,0,0,0
116,60,47,34,22,16,14,11

3,15,39,14,0,0,0,0
3,34,50,36,0,0,0,0
6,40,49,35,0,0,0,0
6,45,61,50,3,0,0,0
19,53,67,53,4,0,0,0

4,37,59,38,2,0,0,0
14,56,69,53,6,0,0,0
24,63,72,58,7,0,0,0

2,36,73,45,13,4,0,0
11,59,87,62,38,16,5,0
34,77,88,63,42,19,6,1

10,57,63,83,55,18,8,11
34,75,75,87,63,28,13,15
50,84,79,87,63,30,13,15

1,30,33,55,25,1,0,0
11,59,61,82,46,16,6,10
38,81,79,91,61,29,19,20
50,88,81,89,59,30,19,20

4,37,57,58,37,3,4,4
26,69,83,80,57,23,15,15
47,80,86,80,58,26,14,16

9,60,85,62,10,3,3,0
18,67,82,59,8,2,2,0

0,43,73,54,10,6,1,0
12,72,84,69,22,16,7,0
22,83,88,74,26,22,10,0

2,51,78,65,10,12,2,0
11,75,88,75,17,21,6,0
25,82,89,74,17,20,7,0

3,45,64,53,4,1,0,0

15,52,79,55,41,17,5,0
37,75,82,59,46,19,6,1

16,55,60,76,42,11,3,6
42,86,78,83,55,23,11,18
53,90,79,81,54,21,11,18

19,58,62,71,46,17,7,16
42,78,72,80,56,23,13,24
52,83,74,78,53,22,12,22

22,65,70,81,57,20,12,21
46,84,80,87,65,30,21,30

19,72,86,65,14,5,4,0
22,80,83,63,13,4,3,0

0,30,75,56,4,3,0,0
5,62,92,74,20,15,5,0
17,79,94,77,26,19,8,0
23,85,93,75,25,18,8,0

0,29,72,43,11,8,0,0
5,49,91,68,31,24,6,0
27,72,96,74,39,27,11,0

7,26,44,47,33,2,0,2
37,63,70,67,57,20,7,17
53,80,78,73,65,28,14,27
68,86,79,72,64,27,13,24

13,40,63,47,46,8,1,5
41,74,81,61,57,23,9,14
51,85,86,63,58,28,10,16

7,50,79,63,18,12,2,0
24,67,93,74,30,27,14,0
32,73,91,73,29,25,13,0

30,56,77,69,28,21,6,0
48,82,90,81,40,31,11,0
52,90,91,80,41,30,11,0

16,46,66,47,18,9,1,0
28,67,84,67,33,18,8,0
35,74,82,64,30,14,6,0

34,67,55,84,50,16,17,20
55,88,68,91,61,29,25,30

28,63,66,85,61,28,21,21
28,63,66,85,61,28,21,21
54,80,79,91,65,36,30,28

8,39,77,54,31,12,1,1
35,70,97,77,55,24,12,6
43,83,100,77,54,25,13,6

9,51,88,60,41,7,3,1
36,77,101,81,55,20,15,9
50,90,106,88,61,24,20,14
55,95,106,87,58,24,20,13

11,18,50,32,31,5,0,0
43,66,85,74,53,26,7,5
55,89,97,82,61,32,15,8

36,56,78,78,25,10,6,16
56,81,103,101,49,30,24,36
71,93,109,106,61,39,34,43
78,99,111,109,68,41,39,45

41,63,73,86,54,19,29,22
55,80,82,89,57,23,33,27

38,62,78,87,51,15,16,8
51,74,91,97,62,25,25,18
60,80,93,94,61,24,25,18

34,64,89,73,32,9,4,0
46,79,98,81,39,14,7,1
51,86,100,82,40,15,8,2

4,22,58,47,5,0,0,0
15,40,85,73,18,0,0,0
31,67,97,84,30,3,1,0
40,83,103,87,34,5,3,0
46,92,104,87,34,6,4,0

27,44,75,45,14,3,0,0
42,71,85,62,26,5,2,0

31,44,53,66,36,4,1,1
60,73,85,94,64,29,17,20
78,86,97,101,72,35,25,27

32,42,52,75,39,11,4,3
50,68,65,80,45,14,6,4
55,71,66,78,42,13,5,3

16,34,67,59,40,2,0,1
44,61,90,76,60,20,8,8
67,78,99,80,61,24,11,13
73,85,99,79,58,22,10,12

15,34,66,33,12,0,0,0
37,65,87,60,28,5,2,0
45,68,83,57,26,3,1,0

29,42,78,53,36,10,2,0
52,61,94,76,58,25,13,4
61,76,99,79,62,29,16,8

26,50,53,61,43,7,2,4
51,72,79,91,67,23,15,16
70,85,86,92,68,24,16,15
78,91,86,90,64,23,13,13

25,51,68,76,42,3,1,4
45,74,87,98,67,21,10,16
58,85,92,99,70,24,13,18

44,61,86,64,43,13,5,1
44,61,86,64,43,13,5,1
66,78,101,77,59,22,19,8
69,84,105,79,60,22,20,9

33,36,61,64,32,2,3,0
63,73,82,82,55,16,14,6
74,85,85,83,56,16,14,7

44,48,66,72,38,5,2,1
63,71,83,87,56,22,13,14
70,80,90,92,65,28,18,21

43,43,71,90,42,5,7,7
61,71,103,108,69,32,27,25
71,88,108,110,71,36,32,29

40,57,69,73,22,2,3,0
53,78,90,91,47,19,16,6
62,83,93,91,48,21,18,7

14,26,26,62,14,1,0,0
45,68,57,85,42,15,2,0
61,84,69,91,51,20,5,2

27,52,54,69,24,1,0,0
49,74,74,92,47,9,6,0
64,85,82,99,54,18,9,3

24,39,75,62,14,1,1,0
38,57,92,80,27,6,8,0
48,70,94,81,28,7,10,0

24,32,74,61,8,0,1,0
39,52,86,74,18,1,11,0

33,46,92,69,22,6,10,0
44,65,108,90,35,21,20,0
50,81,113,97,42,25,23,1

23,34,46,51,14,0,0,0
52,66,80,86,59,16,9,18
66,83,87,91,65,21,15,24

44,49,64,85,41,5,2,4
60,64,85,96,63,16,13,20
73,79,94,103,73,29,25,30
78,85,97,101,74,31,26,31

24,63,99,80,17,13,2,0
33,76,99,81,20,12,3,0

34,32,51,36,6,0,0,0
44,63,88,70,36,17,3,0
50,77,99,81,48,27,7,0
53,86,104,85,53,30,9,1

28,30,54,42,29,2,0,0
53,70,88,68,53,16,2,7
69,88,100,81,63,26,9,17
76,95,107,85,66,30,15,21
78,101,108,85,66,29,15,21

22,34,56,49,17,0,0,0
41,56,90,87,50,14,7,13
61,76,109,102,72,37,20,28
74,89,120,109,81,46,32,38
79,97,122,111,85,49,36,42
82,101,122,109,85,49,37,42

36,41,66,81,38,7,4,6
52,66,87,101,61,19,13,17
64,83,93,102,63,25,17,21

26,44,43,66,38,4,0,0
44,68,69,90,61,21,2,7
62,79,80,104,74,29,6,16
71,87,85,107,75,32,8,18
73,89,86,106,73,30,8,18

31,36,31,66,25,1,0,0
68,67,64,82,45,16,1,5
77,78,73,88,55,21,5,9
81,85,78,89,58,23,6,12

25,61,60,79,43,0,7,4
37,74,66,82,46,0,7,6

4,21,31,66,20,0,0,0
26,65,69,95,56,8,11,13
38,80,77,97,62,12,16,18

26,58,54,77,33,0,3,2
40,77,71,94,58,7,13,16

22,62,72,95,53,9,9,11
43,69,73,93,54,10,10,13

3,34,41,71,24,0,0,3
34,62,57,82,49,4,4,13
47,74,65,84,54,5,7,15

25,59,57,75,46,1,6,11
45,71,73,86,58,8,14,22
60,80,77,86,57,9,13,22

15,53,58,76,44,1,5,3
43,74,64,77,45,1,6,6

16,55,61,73,36,1,5,8
69,74,74,84,53,7,11,20

18,55,65,80,45,2,9,12
36,65,69,78,44,3,8,11

21,58,60,82,46,8,7,11
39,75,77,96,63,20,19,25
54,86,80,98,64,22,21,27
59,92,80,97,62,21,21,26

15,65,59,83,38,6,2,5
42,87,80,88,50,12,7,11
50,93,84,87,50,11,7,12

10,54,53,79,33,2,4,4
44,82,80,95,59,12,14,16

40,70,66,96,53,11,14,18
54,92,85,101,59,19,20,24

30,65,64,83,35,3,4,4
45,82,83,98,56,15,10,17
52,91,87,99,57,16,12,18

23,36,63,52,9,0,0,0
31,39,62,52,9,0,0,0
31,39,62,52,9,0,0,0

36,59,84,67,12,0,0,0
50,67,94,75,19,0,0,0

24,46,65,43,2,0,0,0
43,61,85,67,17,0,0,0
53,67,89,74,21,0,0,0

20,44,57,33,1,0,0,0
31,64,83,55,9,0,0,0
48,76,95,71,19,0,0,0
58,81,98,77,25,1,0,0

33,61,82,66,9,0,0,0
45,76,98,81,23,1,0,1
65,83,105,88,34,4,0,2

24,69,81,56,10,0,0,0
52,81,90,73,25,0,0,0
65,84,90,72,25,0,0,0

31,68,85,62,13,0,0,0
58,73,91,68,26,0,0,0

18,37,66,50,8,0,0,0
18,37,66,50,8,0,0,0
38,59,92,76,30,0,0,2
59,68,96,86,39,2,1,4
70,74,99,89,42,6,4,5
77,78,99,88,42,6,4,5

16,66,79,88,62,8,14,15
37,82,96,97,80,23,32,38
56,97,104,102,85,35,39,42

13,62,78,68,42,5,10,8
41,85,95,85,69,21,31,26
56,96,106,92,78,30,38,34

7,35,52,56,31,1,4,3
32,68,86,83,67,28,30,25
32,68,86,83,67,28,30,25
49,81,92,85,70,31,32,26
49,81,92,85,70,31,32,26

24,63,80,81,57,23,20,18
48,83,89,85,63,27,24,23
59,90,91,85,64,28,24,25

7,30,42,59,37,4,2,2
41,74,70,81,62,23,24,20
41,74,70,81,62,23,24,20
55,85,77,85,65,28,29,25

20,63,72,86,61,13,15,15
47,83,86,90,70,26,27,25
57,87,86,88,66,23,25,22

9,65,72,70,52,14,15,5
39,85,86,87,67,32,29,21
54,92,92,93,70,35,30,24
59,93,91,92,68,35,29,23

23,66,77,87,54,19,19,14
46,81,83,85,54,19,18,14

11,40,52,83,58,8,5,12
34,60,71,98,74,19,12,21
59,62,71,94,70,15,10,18

4,31,46,89,52,6,0,5
21,54,69,107,74,23,4,16
30,63,75,105,71,23,4,15

3,17,29,74,46,3,0,3
21,50,71,103,70,23,4,19
52,68,89,111,78,33,8,22
59,82,93,110,76,32,8,25

9,46,58,93,55,19,0,4
27,65,71,96,58,20,1,5
34,71,75,95,58,19,1,5

2,41,52,91,55,11,0,9
29,70,76,105,68,25,3,19
46,79,84,105,69,27,4,19

1,25,45,76,36,0,0,0
20,61,73,97,60,14,2,5
33,76,82,104,67,22,6,10

6,70,81,70,21,0,2,0
55,87,97,89,44,8,16,10
89,87,98,88,43,6,14,10
89,87,98,88,43,6,14,10

50,64,110,104,50,5,12,24
93,87,127,122,79,28,32,54
107,91,126,121,78,28,32,53

43,61,94,81,35,1,3,10
71,89,125,113,75,22,24,48
109,98,132,124,87,34,42,62
121,104,135,128,90,37,50,68

25,37,74,50,5,0,0,0
50,70,114,91,48,8,14,17
71,83,123,103,62,22,26,34
88,92,125,105,64,24,30,39
88,92,125,105,64,24,30,39

20,50,89,46,0,0,0,0
26,72,108,76,14,0,0,0
46,90,118,93,36,5,4,11
65,97,124,102,46,12,11,25
90,99,125,103,51,14,19,31
101,100,124,102,52,14,23,33
110,100,122,99,50,11,23,31

48,47,94,75,21,0,3,5
90,73,104,87,38,5,12,15
108,82,109,92,45,9,17,21
114,86,108,91,46,9,16,20

46,58,98,71,21,0,0,2
66,72,110,87,38,2,9,12
92,83,113,88,39,3,10,13

35,43,90,69,18,0,0,0
79,66,100,81,27,2,5,10
98,76,103,83,31,3,11,14
110,81,104,84,34,3,13,16

51,57,99,77,13,0,3,1
78,68,102,81,20,0,6,2
94,75,102,78,19,0,5,2

39,53,82,64,5,0,0,0
73,78,105,85,22,0,4,3
92,85,108,88,30,1,10,6

33,53,84,50,11,0,0,0
66,77,101,77,36,3,7,7
91,83,105,81,40,5,12,9

44,63,97,65,17,0,0,0
89,80,106,78,33,2,8,8

9,32,65,83,30,0,2,0
37,55,90,110,62,16,14,14
78,78,98,117,76,25,21,28
83,90,101,117,78,29,24,34

12,39,55,92,51,3,3,6
39,73,81,106,70,10,9,17
52,86,90,111,76,16,15,23
66,96,96,111,73,15,15,22

13,46,55,81,42,2,1,0
40,67,75,103,65,14,8,11
56,82,84,106,68,16,10,15
63,89,88,106,66,16,10,15

19,61,71,67,11,0,0,0
55,69,79,73,17,0,1,0
65,70,78,72,17,0,1,0

14,40,81,59,4,0,0,0
38,60,103,82,26,2,0,0
52,67,108,88,34,7,1,4
68,69,106,88,34,7,1,5

34,54,91,78,19,0,0,2
64,68,102,85,32,3,1,9
84,75,101,86,36,4,2,12

41,60,102,69,14,0,0,3
75,73,106,77,23,1,2,10
85,75,103,76,24,0,2,8

28,59,83,64,6,0,0,0
55,74,104,88,37,10,2,12
71,80,108,94,47,17,7,27
83,82,109,94,50,19,9,29

16,42,83,65,17,0,0,0
55,63,103,91,38,7,4,13
78,76,107,93,42,7,4,16

25,25,59,45,3,0,0,0
49,44,82,73,33,8,2,4
68,62,93,85,43,13,6,12
81,72,96,86,45,12,6,13

37,56,102,84,50,20,8,11
61,81,107,86,54,23,12,15
67,86,105,84,53,21,11,13

13,56,74,92,59,8,8,15
61,81,89,107,74,25,23,30
78,99,101,108,80,29,25,33
88,108,106,109,81,31,25,34

22,34,54,87,47,2,2,3
30,51,76,109,68,19,10,15
82,78,91,110,73,24,11,17
90,87,95,108,70,24,10,15

3,11,44,39,22,0,0,0
32,68,104,79,46,7,7,12
50,85,119,91,55,15,15,25
60,92,124,95,58,16,16,26
65,95,124,93,57,15,15,24

9,18,72,47,6,0,0,0
37,54,98,78,27,7,15,1
56,70,108,85,38,11,21,5
77,78,110,88,42,13,21,6

24,52,105,80,22,9,4,0
63,78,108,85,28,13,6,0
70,82,107,83,26,11,4,1

16,40,74,96,60,8,10,11
57,68,91,107,77,19,28,28
72,83,98,107,79,20,30,29

16,51,71,86,38,1,12,7
28,62,73,84,43,2,11,6

34,23,33,67,33,0,0,0
52,56,67,103,69,16,18,13
63,80,82,116,82,31,31,33
68,89,87,118,82,35,34,38

19,52,115,85,36,2,1,0
41,78,122,92,45,10,9,2
48,84,121,92,45,10,9,2

10,27,78,61,20,0,0,0
24,62,108,93,52,22,16,7
66,84,123,104,67,34,37,20
89,95,122,102,65,32,35,19

45,23,67,66,35,0,1,0
64,68,98,94,71,24,30,24
91,89,101,98,76,32,36,35

9,35,75,56,6,0,0,0
31,76,108,91,34,14,22,3
52,89,112,93,43,16,27,4

26,52,93,69,21,0,2,0
63,68,102,82,40,2,17,9
73,70,100,81,39,2,16,9

25,42,82,49,8,0,0,0
51,66,96,75,30,1,6,4
51,66,96,75,30,1,6,4
62,73,98,80,34,3,8,6

22,34,90,73,51,21,17,8
80,80,111,95,76,38,39,34
93,91,117,103,84,43,45,42
94,94,117,105,85,44,45,43

18,29,45,65,20,0,0,0
31,56,80,100,58,14,14,12
47,75,93,112,77,30,27,27
54,86,95,111,76,30,26,30
54,86,95,111,76,30,26,30

30,36,59,75,33,1,1,0
46,77,91,106,63,21,17,19
58,92,104,113,72,28,26,30
64,97,106,113,74,28,26,30

8,37,83,55,9,0,0,0
18,63,108,85,32,9,4,0
42,86,123,102,53,27,26,8
60,97,133,108,63,37,39,18
67,101,136,111,68,42,41,23
69,105,137,113,70,41,40,23

55,46,97,73,40,12,5,0
65,80,118,98,67,44,30,16
70,95,128,107,77,55,42,26
70,102,128,109,77,52,41,26
70,102,128,109,77,52,41,26

10,26,50,67,27,0,1,1
25,63,86,96,74,16,31,28
39,82,99,109,86,32,45,43
52,95,102,110,87,37,47,45

52,53,83,90,61,13,17,14
58,71,106,106,81,28,34,33
65,84,117,109,89,37,41,40
68,93,120,109,91,40,42,42

22,35,78,46,15,1,0,0
37,84,110,88,57,21,32,17
53,99,117,98,67,32,39,22

40,62,106,72,28,16,7,0
55,96,121,98,49,40,23,13
59,105,122,98,50,38,23,13

53,15,55,29,18,1,0,0
60,62,98,72,63,19,19,18
69,78,107,86,72,30,33,30
72,85,112,90,74,31,36,31

14,32,57,56,20,0,0,0
28,52,70,62,27,0,1,0

18,23,35,67,25,0,2,0
39,60,70,102,64,17,27,14
56,79,91,110,76,30,39,28
64,89,99,114,81,33,43,35
69,95,103,116,83,33,43,36

21,53,68,88,57,9,4,4
89,85,94,100,77,23,20,23

3,38,93,61,6,0,0,0
19,80,115,96,39,12,1,0
30,95,123,107,49,25,5,2
38,104,126,112,54,29,7,2

8,55,110,82,39,2,0,0
28,81,123,96,57,10,3,1
35,90,122,94,55,8,3,0

2,19,73,76,39,4,1,0
9,51,103,99,67,25,11,2
80,71,111,106,73,35,17,5
83,77,114,106,74,37,18,5

7,29,81,82,51,8,1,0
20,64,105,103,73,26,10,3
33,72,115,107,79,32,18,7
42,77,115,105,76,32,18,7

5,9,57,56,20,0,0,0
18,50,99,95,63,19,10,4
62,71,113,103,76,33,20,12
67,78,115,102,75,31,20,11

9,41,88,88,47,7,5,0
65,66,99,100,60,16,9,3

6,20,36,71,22,0,0,0
44,61,71,91,51,7,0,3
60,74,86,100,63,15,3,8
65,81,91,101,64,16,3,8
66,84,93,101,63,16,3,8

15,48,100,87,27,0,0,0
37,72,119,102,41,10,1,0
47,85,124,108,48,16,1,0
55,91,125,107,46,13,1,0

11,51,99,74,27,0,0,0
36,76,115,92,41,5,1,0
51,88,120,98,47,9,3,0

9,41,74,76,41,5,0,0
34,66,88,87,54,11,2,1
34,66,88,87,54,11,2,1

5,25,65,59,18,1,0,0
28,63,102,96,69,23,10,13
57,81,117,108,82,36,23,27
68,89,123,110,83,38,27,30
74,94,124,109,82,37,26,31

24,47,99,84,41,11,7,4
102,80,119,103,60,31,24,22
121,91,122,104,62,32,28,31
136,97,121,103,60,31,27,30

25,38,65,81,40,2,2,0
99,81,89,101,62,14,10,10
111,91,99,108,71,24,18,17
112,98,104,110,76,30,20,22

16,24,39,61,18,0,0,0
54,59,78,98,55,15,3,7
67,75,87,107,62,19,6,11
71,82,93,106,63,19,7,10

14,34,82,82,29,0,0,0
96,76,110,104,66,14,13,15
138,99,119,115,81,26,26,26
145,103,122,119,85,32,30,30

20,30,77,58,34,4,0,0
108,72,107,85,62,22,8,13
108,72,107,85,62,22,8,13
109,85,112,92,67,26,15,17

11,26,70,55,18,0,0,0
58,66,106,85,48,12,10,6
74,81,110,87,52,12,11,7
78,85,111,86,50,10,10,6

0,9,40,51,12,0,0,0
7,31,77,82,43,2,1,2
64,61,98,98,70,16,15,15
94,78,106,105,78,25,23,25

17,41,69,90,58,13,1,1
56,65,84,95,61,17,3,3

5,22,84,69,18,0,0,0
17,59,116,104,55,8,1,0
29,72,126,117,69,17,5,0
42,85,134,121,76,22,10,2
51,91,135,120,76,26,11,3

5,41,98,76,18,1,0,0
16,65,118,99,38,11,1,0
34,79,122,104,46,16,5,0
42,89,124,105,51,19,7,0
45,93,122,103,51,18,7,0

6,40,90,78,19,1,0,0
24,75,113,101,43,7,3,0
40,88,116,105,49,12,3,0
48,95,117,104,50,14,3,0

4,30,79,50,16,0,0,0
14,65,110,88,45,4,4,0
26,81,122,100,55,10,10,1
40,91,126,103,61,15,14,3

10,46,91,84,56,19,4,2
37,68,103,99,67,32,13,7
47,78,105,101,69,34,15,8

5,41,53,84,36,7,1,0
18,68,79,98,56,18,4,4
30,78,86,99,58,19,5,5

20,39,51,96,45,1,0,0
31,60,78,115,66,14,6,5
88,79,85,118,72,24,11,12
91,84,89,118,74,28,13,15

8,29,47,76,29,1,0,0
116,82,75,95,53,13,2,1
126,92,86,102,62,22,6,6

13,13,55,58,27,0,0,0
32,57,80,77,48,10,4,2
47,71,91,82,56,15,11,4
53,76,91,80,55,14,9,3

6,42,97,74,23,0,0,0
27,66,108,88,41,5,7,1

7,40,89,71,40,2,1,0
25,68,113,100,71,15,11,13
76,90,122,107,82,27,24,23
87,99,124,108,83,30,25,24

1,28,45,60,9,0,0,0
5,53,73,82,34,2,0,0
22,78,99,101,61,21,9,7
38,91,113,115,78,34,19,19
49,100,121,124,90,46,28,27
55,104,125,129,96,55,34,34
82,107,128,132,100,58,39,38
106,110,130,134,103,61,41,40
112,110,130,132,103,60,39,38

18,49,70,93,56,10,2,3
29,72,88,113,77,29,13,10
105,94,102,124,88,47,23,23
132,107,110,131,97,57,34,31
143,115,116,134,103,60,40,37
142,117,121,135,106,63,42,41
138,117,124,135,108,65,43,43
139,117,125,136,108,66,44,43

44,36,46,79,45,3,0,0
52,64,78,109,68,22,10,11
60,78,92,117,77,33,20,22
71,90,100,123,85,42,27,30
71,90,100,123,85,42,27,30
74,99,107,127,91,48,30,35
77,104,113,130,94,52,32,36
77,108,116,131,95,53,35,39
76,112,118,131,96,52,35,40

8,42,63,84,47,8,0,2
31,70,88,105,67,27,5,11
43,83,100,114,80,39,14,21
56,91,110,124,89,49,25,28
68,97,116,128,96,53,30,35
76,100,120,133,100,56,33,39
78,103,123,134,100,56,35,42
77,105,123,132,100,56,36,42

8,56,98,76,31,0,0,0
23,75,116,92,45,2,0,0
38,90,125,101,52,8,4,0
50,99,130,106,54,12,9,0
59,107,133,110,58,15,14,1
61,111,134,113,59,14,18,2
60,114,135,113,60,14,19,3

4,35,81,55,7,0,0,0
7,52,98,76,19,0,0,0
14,73,113,93,37,5,0,0
20,80,121,104,48,10,4,0
24,88,125,108,55,16,8,0
27,93,129,110,60,20,11,0
30,95,131,112,63,20,12,0
34,101,129,113,61,18,12,1

2,39,96,73,25,0,0,0
16,64,119,94,54,4,5,0
31,77,131,104,66,13,15,1
43,91,138,112,74,18,22,4
52,98,144,118,78,22,26,6
56,103,146,121,81,27,27,8
58,108,146,120,81,28,26,8

1,33,50,71,27,3,0,0
9,59,82,94,58,27,4,3
21,75,96,110,76,37,10,11
33,86,104,118,86,46,19,18
46,94,108,123,89,48,22,23
56,100,110,125,90,51,24,25

0,31,50,80,30,0,0,0
9,54,77,101,54,18,1,1
34,70,87,112,73,35,6,8
50,81,97,116,78,38,9,10
54,84,99,116,78,39,9,12

3,37,58,80,40,5,0,0
17,61,82,99,65,23,5,1
29,72,93,109,77,35,14,6
38,80,105,117,85,46,22,14
47,88,111,121,88,52,26,19
55,95,116,122,90,53,27,21
60,101,118,122,90,53,26,22

3,43,62,78,48,16,2,0
16,62,85,101,70,37,12,2
51,75,96,114,80,48,22,14
71,84,103,120,88,55,29,23
76,92,109,123,92,57,33,26
77,98,112,124,92,60,35,27

4,37,59,86,42,8,1,0
15,62,80,109,69,36,15,7
52,77,92,120,83,50,24,16
76,87,98,123,89,54,29,20
76,87,98,123,89,54,29,20
79,91,101,125,90,56,32,20

2,35,91,57,21,0,0,0
19,60,115,86,44,8,5,0
35,74,126,101,59,19,12,2
43,83,133,105,66,25,15,4
50,90,136,110,68,28,17,4
55,96,139,113,67,28,18,5
56,98,138,114,65,27,17,5

24,50,96,71,33,1,0,0
35,70,117,95,56,15,7,0
45,83,130,111,67,27,15,3
56,91,136,119,74,31,20,5
63,94,141,122,79,33,22,6
65,98,142,122,79,33,23,7

1,36,91,66,18,0,0,0
26,66,113,93,44,10,5,0
42,79,122,105,57,21,12,0
53,89,126,111,64,28,16,1
64,96,127,113,65,28,17,2
68,102,126,111,62,25,15,2

6,59,108,75,30,0,0,0
24,82,124,100,57,10,5,0
45,96,136,111,69,23,13,0
55,104,142,116,74,29,20,2
62,109,145,118,76,31,25,4
65,114,144,118,76,30,23,3

0,54,93,58,26,4,0,0
18,77,120,89,66,28,13,3
33,91,130,105,78,37,22,12
40,99,134,108,80,39,24,14
44,102,133,107,80,39,24,13

6,49,110,84,49,11,4,0
20,72,125,102,68,26,14,4
32,86,128,105,75,32,18,8

4,37,99,70,40,3,0,0
16,64,117,97,62,17,13,3
30,82,127,104,72,29,20,8
39,93,130,107,76,36,26,10

1,35,92,64,34,3,0,0
5,55,114,91,55,17,2,0
22,77,125,101,73,26,9,2
22,77,125,101,73,26,9,2
36,92,128,105,77,31,14,4
40,96,128,105,75,31,14,5

7,44,102,75,49,2,2,0
30,76,120,95,67,17,10,1
30,76,120,95,67,17,10,1
42,93,126,102,70,20,12,2

7,45,89,98,60,17,8,1
21,63,107,109,80,30,20,6
80,78,113,117,86,35,27,13
80,87,114,119,86,36,26,15

5,36,74,86,40,2,1,0
21,58,101,109,68,21,12,5
34,71,113,119,81,38,25,16
38,80,118,123,88,45,30,23
44,85,122,124,90,49,31,25

5,40,81,97,60,14,5,3
16,57,95,112,78,34,18,16
71,74,105,120,85,41,24,24
86,85,112,124,88,43,29,27
86,89,114,124,88,44,30,29
86,89,114,124,88,44,30,29

15,15,53,91,45,7,1,0
19,37,80,116,68,28,12,2
29,54,90,126,82,40,23,10
48,66,96,130,95,56,32,16
68,75,98,131,99,60,35,22
77,80,99,132,102,60,37,26

6,10,26,62,27,0,0,0
14,45,75,105,59,24,9,2
26,62,93,121,77,39,22,7
38,71,101,130,89,45,31,14
38,71,101,130,89,45,31,14
46,77,111,133,97,53,37,20
50,81,119,137,101,56,41,27
85,88,120,137,103,57,43,29
108,91,120,137,102,56,43,31

14,38,62,79,38,2,0,0
22,54,88,97,57,17,10,1
30,66,101,107,67,27,18,4
36,77,112,115,80,40,28,13
42,84,119,121,88,49,35,20
42,84,119,121,88,49,35,20
46,87,122,127,95,55,40,26
55,91,127,133,98,56,43,28
59,93,128,137,100,60,45,30
60,93,129,137,103,61,46,30

2,28,50,70,39,5,0,0
5,44,67,88,57,21,5,0
12,57,86,100,71,34,15,2
23,71,101,113,78,40,21,5
29,77,110,120,82,43,25,10
33,80,114,124,83,45,28,15
45,83,117,126,88,49,31,18
57,85,116,126,87,47,30,21

3,31,59,88,49,12,3,0
6,49,81,104,68,27,16,2
18,62,96,114,81,38,25,6
25,69,103,121,89,44,31,12
37,78,110,127,95,52,38,20
76,87,117,130,101,56,42,25
98,97,123,132,101,60,43,27

4,29,77,54,15,0,0,0
10,71,110,90,44,4,1,0
24,87,124,106,62,15,10,0
36,97,132,115,72,24,15,2
46,102,137,122,79,30,22,4
53,110,140,125,82,35,25,6
60,115,142,127,84,37,27,8
61,117,143,127,84,39,28,8

2,53,91,71,20,0,0,0
12,73,110,90,40,9,0,0
19,84,122,103,49,16,2,0
26,91,127,110,57,21,7,0
32,97,132,115,63,26,11,0
35,101,136,120,68,30,13,1
37,104,135,121,70,31,14,1

1,39,76,47,6,0,0,0
8,61,101,79,28,3,0,0
8,61,101,79,28,3,0,0
18,74,113,91,45,15,5,0
24,84,124,99,56,26,12,0
33,94,128,106,64,31,18,0
37,100,132,111,67,35,21,0
41,104,134,113,70,38,23,1
44,108,133,114,68,36,21,1

0,32,85,62,8,0,0,0
0,46,99,78,20,0,0,0
3,57,107,90,34,3,3,0
9,70,117,100,45,8,6,0
13,79,123,105,52,12,8,0
16,83,125,108,55,16,8,0
19,88,125,108,55,16,8,0
20,89,125,107,56,16,8,0
34,92,124,106,55,15,7,0

2,30,84,59,17,0,0,0
4,52,105,84,43,4,2,0
6,69,116,99,57,11,10,0
15,79,126,110,64,21,16,1
20,86,132,117,68,28,21,2
25,95,137,122,74,31,26,2
33,100,141,126,77,34,28,3
39,105,145,129,79,35,29,3
44,110,147,131,79,37,29,3
50,113,146,128,78,37,30,7

1,45,85,62,11,0,0,0
11,69,105,87,40,8,4,0
22,81,117,102,56,20,9,0
29,89,123,109,64,27,15,0
38,96,126,113,67,30,20,0
44,102,130,116,68,28,19,0
46,108,130,116,67,25,17,0

0,37,88,60,18,0,0,0
8,61,109,89,44,4,7,0
22,78,121,107,62,16,19,0
32,89,128,114,71,25,28,0
46,97,133,118,76,30,33,1
55,103,134,123,79,33,36,2
58,108,135,124,81,34,35,3
60,112,134,124,78,33,32,3

1,36,82,57,11,0,0,0
13,70,113,93,43,8,8,0
29,85,120,104,57,21,15,0
40,94,123,110,63,27,19,0
45,100,126,112,65,28,20,0
48,104,127,113,64,27,19,0

0,34,51,42,22,0,0,0
0,56,69,61,38,0,0,0
0,69,78,72,48,0,0,0
0,76,82,79,53,0,3,0
1,83,84,82,56,0,4,0

0,41,61,48,26,0,0,0
0,51,70,61,39,0,0,0
0,57,76,70,45,1,0,0
0,73,83,76,50,2,0,0
1,84,88,79,53,3,0,0
2,89,92,82,55,4,0,0
3,93,92,83,54,3,1,0

0,40,66,44,24,0,0,0
0,55,79,64,44,0,0,0
3,72,85,75,53,1,2,0
6,78,85,77,54,2,3,0

0,35,65,46,16,0,0,0
0,55,85,73,38,0,0,0
2,70,96,82,54,3,2,0
4,81,99,89,61,5,5,0
7,87,104,92,66,7,6,0
9,91,106,94,66,7,9,0
9,97,106,94,66,6,8,0

3,22,53,61,16,0,0,0
3,33,66,73,28,0,0,0
3,44,80,83,41,4,1,0
3,51,87,91,54,10,3,1
4,57,90,95,64,16,8,1
6,62,94,98,68,19,9,3
8,65,95,98,66,20,9,4

2,27,63,81,46,10,1,0
2,36,74,91,54,15,3,0
3,46,81,95,63,20,6,2
4,52,89,100,68,25,11,6
15,59,96,104,73,30,15,8
22,62,100,107,76,30,15,9

0,25,58,79,38,5,0,0
0,39,70,90,49,13,3,0
1,51,79,98,60,22,8,2
2,56,86,103,68,27,10,5
2,56,86,103,68,27,10,5
6,63,92,108,74,32,13,9
11,65,95,112,77,35,17,12
14,68,99,114,79,34,18,13
15,70,101,113,78,32,19,14

0,22,54,73,34,3,0,0
9,34,71,89,56,11,2,1
18,43,82,96,67,19,7,5
19,52,91,99,73,27,9,8
19,58,94,101,75,30,13,10
19,62,96,102,76,29,14,11

0,31,52,79,44,4,0,0
0,43,66,86,52,7,1,0
1,48,75,91,58,13,5,1
3,53,82,95,63,18,7,3
4,57,90,97,68,24,9,6
6,62,94,101,69,26,11,7
6,65,97,104,69,26,13,7
7,66,98,106,71,26,14,7
7,68,99,105,72,25,14,8

0,35,56,60,30,0,0,0
0,39,63,68,34,0,0,0
1,43,66,72,36,0,0,0
0,46,71,75,39,0,0,0
1,48,73,79,40,0,0,0
1,50,75,79,40,1,0,0
2,51,78,79,41,2,0,0
2,52,80,80,44,3,0,0
5,55,80,82,47,5,0,0
5,56,81,82,48,6,0,0
4,58,82,83,47,7,1,0
4,59,83,84,49,6,1,0
4,60,84,86,52,7,1,0
4,61,84,88,53,8,2,0
3,61,85,89,55,9,2,1
4,61,86,89,55,10,2,0

25,27,34,71,32,2,2,0
32,45,56,88,48,11,11,3
39,63,74,101,64,22,21,13
43,73,87,110,72,30,31,19
43,79,92,113,78,34,36,23
48,86,94,116,81,39,39,25
52,88,93,114,82,39,37,25

52,13,9,58,18,0,0,0
75,37,34,80,39,1,4,0
73,59,64,100,62,16,19,5
73,72,82,112,74,32,27,12
71,81,90,119,80,38,32,17
69,86,95,120,83,41,35,17

0,34,27,54,11,0,0,0
2,45,47,70,28,0,1,0
4,59,64,84,38,3,5,0
9,67,73,90,45,7,10,2
13,71,79,93,50,13,14,4
19,76,82,96,54,15,18,4
22,79,87,97,57,17,22,5
25,81,87,99,61,18,23,7
27,82,88,99,62,21,23,7
34,83,90,101,65,22,25,9
39,86,93,103,67,22,27,10
41,89,94,103,68,23,27,11
44,93,96,105,70,27,29,12
45,93,95,107,71,30,29,12

0,42,78,39,14,0,0,0
1,55,91,54,26,0,0,0
3,62,100,65,34,0,0,0
4,68,108,72,42,1,0,0
9,73,115,80,47,3,3,0
15,78,119,86,51,5,4,0
20,83,122,91,53,7,7,0
24,89,127,94,55,9,9,0
32,94,127,96,59,17,14,5

0,21,73,34,3,0,0,0
1,49,89,61,12,0,0,0
3,67,103,77,23,0,0,0
8,79,111,87,33,0,1,0
14,87,117,94,40,3,1,0
18,92,123,101,44,5,4,0
24,94,125,105,46,7,6,0
26,96,126,108,49,7,9,1
27,97,126,108,51,9,10,1
26,98,126,108,51,9,10,1

2,51,97,64,11,0,0,0
7,68,114,84,29,1,0,0
12,78,121,94,43,5,4,0
12,78,121,94,43,5,4,0
17,86,124,103,50,10,11,0
21,90,128,106,53,16,18,2
24,92,131,109,54,18,21,4
27,95,131,111,56,20,22,5

1,29,55,59,18,0,0,0
4,53,73,81,38,10,1,0
9,65,84,93,50,18,6,1
15,72,93,100,57,25,11,4
20,75,99,103,61,28,16,6
24,78,101,105,66,34,22,8
28,81,104,108,68,36,24,9
30,83,106,110,70,38,27,11
34,85,108,111,73,41,29,13
42,87,109,112,74,42,29,13

5,27,68,69,30,2,0,0
14,48,91,87,56,20,8,5
23,60,103,100,68,33,21,11
30,67,110,106,76,43,26,17
34,71,111,108,81,49,31,22
74,78,112,109,83,52,34,24
113,83,114,109,84,52,34,24
118,83,114,109,84,53,34,24

4,11,53,20,0,0,0,0
3,29,72,37,0,0,0,0
3,52,97,67,17,0,0,0
5,65,109,79,30,0,0,0
6,76,119,91,41,1,1,0
9,83,127,99,48,4,5,0
15,89,131,104,52,6,7,0
20,91,134,106,55,8,8,0
31,94,134,105,58,19,17,4

3,54,99,67,9,0,0,0
7,72,118,89,29,4,2,0
15,79,127,99,39,10,7,0
21,86,133,105,47,17,14,2
25,92,138,110,52,23,22,4
33,96,141,112,56,28,28,7
37,100,141,112,57,32,33,8
43,102,141,112,59,35,33,9

2,33,84,48,14,0,0,0
8,58,113,79,33,11,7,0
20,74,127,94,55,25,20,3
42,84,133,102,67,37,29,11
59,90,137,106,73,46,34,20
63,95,137,108,74,50,36,24
68,98,136,108,74,49,37,24

17,14,34,50,14,0,0,0
17,44,65,81,38,5,2,0
21,60,87,98,52,15,12,6
29,72,98,109,64,29,21,13
36,80,103,115,69,36,27,19
42,86,109,120,78,41,32,24
44,87,112,121,81,47,36,26
46,90,115,121,81,47,38,28
47,92,117,120,82,48,38,29
68,92,114,117,79,46,36,26

12,32,86,52,28,11,4,0
19,55,110,81,54,34,21,7
28,78,128,100,67,49,40,20
41,87,136,106,74,57,48,27
54,94,139,113,81,62,55,33
69,99,142,116,84,66,61,37
83,101,145,118,84,68,63,38
87,105,146,118,84,67,63,37

5,33,77,46,6,0,0,0
8,55,97,70,21,0,5,0
15,81,113,89,37,10,16,1
21,88,124,96,49,20,24,6
24,93,130,100,55,24,30,10
32,99,132,103,58,28,34,12
38,103,134,105,59,31,35,14
44,107,134,106,60,33,35,15

3,48,95,70,9,0,0,0
9,69,113,82,25,3,2,0
19,84,123,92,35,7,8,0
26,92,129,98,43,11,13,1
30,98,132,102,49,15,19,3
34,102,133,104,54,19,20,5
37,106,135,106,56,21,22,6
47,110,135,105,55,22,22,8

0,12,60,25,8,0,0,0
1,40,93,66,29,3,5,0
10,55,106,83,45,15,17,2
24,66,118,96,59,31,24,9
59,73,125,103,70,40,30,12
68,77,128,107,74,43,32,16
67,80,130,107,76,44,32,16
66,82,131,107,75,45,30,15

8,8,50,51,11,0,0,0
9,35,84,74,26,1,3,0
14,51,100,92,45,8,9,0
19,62,108,104,58,17,21,4
23,69,114,109,66,22,29,6
26,75,118,113,72,27,33,8
35,77,119,112,72,26,32,7

3,30,90,48,16,1,0,0
10,52,109,74,38,10,6,0
32,64,120,87,53,20,16,0
38,71,126,93,61,26,25,1
48,79,131,99,67,30,32,4
55,86,135,106,73,35,39,7
59,88,137,110,77,41,44,10
59,91,139,112,80,43,46,13

8,53,96,62,25,0,0,0
12,70,109,80,40,6,4,0
24,83,121,90,55,17,9,2
31,90,129,96,63,27,17,5
34,99,132,103,69,32,29,11
38,103,133,105,71,38,32,13

27,8,32,34,12,0,0,0
28,37,73,70,39,5,3,0
34,57,95,93,58,13,14,0
41,68,104,101,67,19,19,2
44,72,109,104,70,24,21,3
45,75,113,105,72,27,23,4
44,78,114,105,72,29,25,5
44,81,113,105,71,28,25,5

39,23,63,61,32,3,0,0
39,38,84,82,53,11,11,1
42,51,99,92,66,28,20,4
44,59,107,97,73,34,26,8
47,66,114,103,77,40,29,12
49,71,121,110,82,49,39,18
66,74,127,113,87,53,44,23
75,80,130,117,87,58,48,29
75,85,131,118,88,59,49,31

3,33,69,75,47,10,5,0
12,54,87,89,61,22,17,5
25,70,98,100,76,32,31,13
40,77,102,107,79,34,35,16

44,31,53,74,37,1,9,0
45,56,78,96,60,12,26,3
48,72,94,112,76,32,34,12
50,80,102,119,84,40,40,19
52,82,103,121,87,41,41,22
53,86,104,121,88,40,42,24

5,28,48,82,28,3,6,0
20,55,76,106,61,23,27,6
33,70,87,111,70,29,34,15
40,80,92,111,72,30,36,17

27,33,56,87,43,5,10,0
38,53,78,106,68,28,34,12
53,64,92,111,78,35,42,21
67,76,96,115,80,38,45,23
67,76,96,115,80,38,45,23

3,37,99,65,15,0,1,0
20,69,114,87,27,8,8,0
30,85,120,93,34,14,17,1
37,95,121,96,38,19,22,2
44,100,121,95,37,19,22,2

0,34,90,51,4,0,0,0
11,58,108,84,18,3,6,0
11,58,108,84,18,3,6,0
28,70,117,101,32,10,16,0
43,84,123,106,40,15,23,1
50,92,124,107,42,16,26,3

14,44,96,85,52,35,15,2
25,58,109,102,68,51,30,11
57,70,114,108,76,58,37,20
65,78,117,109,79,59,40,21
68,83,117,109,79,58,40,22

30,24,53,81,25,2,4,0
45,53,83,105,59,30,26,5
57,71,93,111,66,40,35,15
64,81,99,113,71,43,39,19
66,88,102,114,72,44,40,20

83,33,68,94,49,9,14,0
81,53,86,111,66,24,31,5
80,68,100,121,79,38,43,11
77,77,110,122,84,45,46,16
76,87,112,121,83,44,46,17
76,87,112,121,83,44,46,17

27,33,87,59,30,12,6,0
38,68,109,87,53,31,28,5
53,84,117,96,62,43,39,11
60,94,118,95,61,41,39,10

9,50,103,82,34,17,10,0
28,74,117,96,54,33,27,7
49,88,127,104,61,39,36,12
71,95,131,107,63,43,40,16
78,100,129,107,62,43,39,15

6,25,82,66,39,9,4,0
27,52,107,85,68,32,19,10
89,70,114,93,76,40,28,17
100,77,116,96,76,39,29,18

1,11,37,61,13,0,0,0
11,40,71,96,59,14,14,3
31,57,87,109,76,32,31,10
46,68,95,113,80,41,35,15
52,74,94,114,80,42,37,16

1,11,77,56,25,0,0,0
3,26,96,76,39,2,1,0
13,49,114,97,56,14,6,0
35,73,125,110,68,26,18,4
47,86,132,115,74,32,28,9
55,94,135,116,75,33,32,11
59,100,134,116,72,29,31,11

3,17,66,33,2,0,0,0
8,49,106,75,34,2,4,0
30,73,123,104,56,10,22,3
46,89,126,110,61,16,29,5
53,96,127,111,62,18,30,5

10,16,58,53,17,0,0,0
35,50,93,94,68,27,20,7
50,67,111,109,84,47,38,20
84,85,120,115,90,56,45,31
85,92,121,115,90,56,45,31
85,92,121,115,90,56,45,31

22,27,95,78,57,23,8,2
38,50,117,99,79,46,25,13
70,73,128,110,86,55,41,24
79,86,132,115,88,57,48,28
79,94,133,116,88,58,48,30

11,42,93,72,28,5,3,0
26,58,114,98,53,18,17,1
46,77,125,108,66,27,28,6
60,92,132,114,73,32,33,12
64,98,131,111,70,29,32,11

16,26,75,56,15,0,0,0
41,68,113,94,59,28,24,6
59,86,125,106,73,40,41,25
99,100,131,110,79,43,45,29
99,100,131,110,79,43,45,29
112,107,133,111,80,44,47,30

6,17,64,38,2,0,0,0
14,43,84,64,14,0,0,0
44,75,105,90,34,5,14,2
67,88,113,101,44,10,23,6
85,99,117,104,49,14,29,7

15,63,84,66,8,0,0,0
36,86,104,90,28,3,8,4
68,105,114,104,43,10,19,13
94,113,119,110,50,14,24,18
105,115,119,113,51,15,25,18

22,71,89,73,17,0,1,0
82,88,104,97,35,5,19,6
101,98,106,99,37,7,22,6
105,101,105,98,36,7,19,5

7,64,77,58,5,0,0,0
58,97,101,94,29,1,16,6
76,110,110,104,39,7,24,9

42,91,93,84,28,1,11,1
120,107,103,100,44,9,21,9
125,116,108,106,50,13,25,13

4,28,55,29,2,0,0,0
35,78,99,89,40,2,24,8
75,95,106,99,52,11,33,16
99,103,108,102,56,16,37,19
99,103,108,102,56,16,37,19

20,72,83,61,14,0,0,0
61,98,106,86,42,4,12,5
109,112,113,97,52,11,21,9
126,116,117,102,55,15,25,11

10,59,75,49,13,0,0,0
20,80,98,78,36,1,10,1
81,95,108,90,51,9,22,6
81,95,108,90,51,9,22,6
101,104,112,97,57,15,28,9
110,111,114,99,58,15,30,10

5,47,73,49,15,0,0,0
42,80,97,80,43,5,14,2
111,99,104,91,55,10,26,7
133,109,106,94,58,13,33,8

9,55,72,53,14,0,0,0
16,80,95,80,37,4,10,3
45,91,105,94,52,13,27,8
104,101,110,99,55,17,34,13
111,107,110,98,55,16,33,13

40,24,49,72,33,2,1,0
46,50,73,98,61,19,14,0
53,65,89,103,67,28,23,3
57,74,96,103,69,28,23,4

16,27,62,82,40,4,6,0
34,50,87,97,65,26,22,3
47,68,98,103,70,32,27,6

69,12,46,70,27,1,3,0
69,12,46,70,27,1,3,0
72,34,74,95,55,10,19,0
73,55,93,111,76,24,31,7
78,71,102,117,88,36,42,14
81,81,108,118,90,39,42,14

3,27,57,69,34,2,2,0
15,54,80,89,61,23,22,6
25,65,90,100,69,34,28,11
32,72,94,99,69,33,28,11

10,32,63,89,61,18,20,2
24,59,82,101,75,31,33,10
37,71,92,106,81,39,36,13
43,77,94,107,82,40,35,14

8,24,52,73,46,6,4,0
18,43,76,95,66,21,20,1
27,60,85,100,77,31,29,8
34,73,88,102,79,35,33,13

6,33,97,71,38,8,8,0
18,63,118,92,62,22,21,8
47,81,125,100,70,33,35,15
58,89,129,103,73,39,39,18
62,95,128,102,72,37,38,16

27,34,68,73,61,17,10,2
38,57,92,94,81,39,30,12
51,73,102,104,88,48,42,19
61,84,106,109,89,51,43,25

40,27,49,82,45,8,0,0
45,44,70,102,70,28,7,6
49,58,88,110,77,35,12,15

68,18,28,58,25,0,0,0
71,44,68,93,66,17,7,2
81,68,90,105,79,31,17,8
89,81,102,111,85,36,21,11
98,88,104,110,83,35,20,10

3,39,75,46,4,0,0,0
14,70,96,70,12,0,0,0
27,85,108,81,20,1,2,0
36,93,112,87,27,1,5,0
42,96,113,87,27,1,6,0

2,40,83,56,5,0,0,0
46,76,107,88,35,2,14,9
61,89,117,100,50,8,25,17
72,101,125,107,55,12,30,22
79,113,128,110,58,15,30,22
83,118,128,111,56,16,29,20

12,50,82,47,3,0,0,0
35,78,104,81,25,0,16,4
53,89,115,96,41,2,25,11
63,102,120,102,45,5,29,13
68,108,121,103,46,8,31,14

14,67,95,75,23,2,6,0
43,88,107,86,38,9,18,5
65,97,110,89,42,10,24,9
73,105,111,89,43,10,24,10
