
16,0,2,0,0,0,0,0
45,7,2,0,0,0,0,0
51,9,5,0,0,0,0,0
51,8,16,7,5,0,0,0
48,7,25,29,16,0,0,0
44,5,35,43,26,4,1,0
41,4,40,51,34,11,4,0
37,3,42,54,38,14,6,0
33,2,45,57,41,18,6,1

62,12,2,10,2,0,0,0
71,14,2,17,4,0,0,0
71,16,4,29,14,0,0,0
68,17,8,44,28,1,2,0
62,16,16,55,48,15,13,0
57,18,23,66,58,28,18,2
51,18,28,72,65,34,22,3
46,16,31,76,67,36,24,4
41,15,33,78,69,37,24,4

22,28,14,36,40,14,19,3
30,37,28,64,63,34,32,10
30,37,35,72,74,41,40,14
30,37,35,72,74,41,40,14
27,34,37,82,77,43,43,17
24,31,37,88,79,44,45,18

18,8,9,31,48,27,18,3
20,14,21,56,72,42,34,11
18,18,27,74,86,54,47,20
16,21,33,85,92,64,53,27
15,24,35,89,95,66,57,30
13,22,36,90,95,64,58,29

7,7,6,49,59,32,25,13
7,8,10,57,69,37,33,16
6,7,13,64,76,44,41,22
5,6,15,72,83,50,47,25
4,5,17,76,87,52,50,26
3,4,18,79,89,52,53,28

14,6,41,51,52,7,24,3
11,5,46,55,55,13,27,4
8,4,47,57,57,13,30,4
6,4,47,58,59,12,31,4
4,3,48,59,60,14,30,3

15,14,6,39,61,34,25,4
15,15,8,44,74,46,33,9
14,14,10,50,82,54,40,14
13,15,11,53,85,58,43,16
11,16,11,55,86,61,45,18
9,14,10,56,87,63,47,19
8,14,9,56,89,64,49,19

5,12,8,55,90,66,52,18

26,1,4,37,59,40,40,14
70,5,6,42,68,46,45,21
78,8,9,51,72,53,49,28
80,9,11,53,75,54,51,32
79,8,13,55,76,56,53,34
76,6,12,54,79,60,54,34

12,3,12,51,46,37,31,8
14,3,15,58,59,49,44,18
13,4,17,64,66,54,49,25
12,4,19,66,70,56,51,30
13,4,20,67,74,56,56,32
16,3,22,69,75,59,60,35
15,2,22,71,76,62,62,39
14,1,22,72,76,63,63,41
12,1,22,73,76,65,64,42
10,0,21,72,77,66,65,43
9,0,20,72,78,66,65,44
7,0,20,73,80,67,65,44

22,2,2,31,58,33,14,4
39,5,3,41,69,45,31,13
35,7,9,47,76,51,36,20
32,7,14,53,80,55,41,27
29,7,16,57,85,59,47,31
26,6,17,60,87,63,50,34
24,5,16,60,89,65,54,35

32,0,10,41,51,42,46,20
31,1,12,56,66,61,62,34
28,1,17,63,75,69,67,41
25,1,18,67,80,73,70,44
23,0,19,65,82,73,74,44

13,7,11,52,66,50,55,24
47,12,15,62,76,57,62,31
59,13,19,70,82,70,67,37
58,13,22,74,89,74,71,41

21,10,10,49,62,54,51,31
78,19,18,63,76,63,65,43
76,20,21,73,86,71,75,52
72,19,22,76,90,72,78,54
67,16,23,79,92,73,79,54

17,2,1,42,49,25,16,3
34,13,9,56,68,45,42,17
61,22,17,69,80,61,61,31
68,28,21,76,87,66,67,39
66,32,27,79,91,72,72,45
62,30,28,80,94,75,73,46

33,12,12,54,61,38,40,27
91,49,24,72,77,53,53,35
95,50,33,79,84,60,62,39
94,47,39,83,87,65,65,44
90,44,43,87,91,67,68,48
84,39,43,90,93,70,71,48

18,3,4,34,35,16,24,9
35,13,15,60,65,41,40,22
53,18,24,76,79,53,56,35
51,19,28,83,87,61,62,41
50,19,31,86,92,67,65,44

33,12,12,52,53,36,41,21
43,14,23,68,67,50,51,29
41,13,29,77,75,56,60,33
37,12,35,80,82,59,62,35

23,9,9,38,54,34,27,7
74,16,13,44,68,44,32,11
71,17,13,51,76,50,37,13
66,15,14,55,81,51,37,14

16,1,1,10,55,23,26,5
32,3,10,37,79,43,46,15
38,6,16,51,88,55,58,21
38,9,20,60,93,62,65,26
35,9,21,65,96,64,65,30
33,9,22,66,98,66,65,31
33,8,22,67,99,67,65,31
39,6,20,67,98,67,64,31

32,9,22,44,41,27,27,18
38,19,29,61,58,48,49,26
38,20,36,70,69,57,54,33
36,20,41,75,73,59,59,36
33,18,45,77,77,60,60,38
31,15,48,78,80,62,62,39
27,12,49,79,82,64,63,39
24,9,51,81,84,65,64,38

7,3,38,46,39,8,18,1
9,3,47,57,47,17,24,1
9,2,54,64,52,22,26,1
8,1,61,66,53,24,26,1

11,7,45,47,26,24,28,2
15,9,57,67,39,40,38,4
19,10,65,74,44,47,42,7
20,9,71,76,48,49,43,8

22,7,12,44,59,42,43,11
28,14,20,69,78,59,56,27
29,20,28,78,86,72,69,38
29,20,31,83,94,79,74,44
29,21,31,87,97,81,78,47
28,20,32,87,99,80,79,46

26,17,17,63,72,51,41,8
47,20,23,71,78,57,49,18
48,17,34,75,81,63,51,22

14,1,40,37,25,0,8,0
19,5,53,56,46,7,19,3
21,8,60,65,62,14,26,8
21,7,65,70,71,18,33,14
20,7,67,73,75,21,35,18
19,6,70,76,77,23,40,21
16,5,72,79,77,24,43,22
13,4,73,81,78,25,45,21

27,7,49,59,52,2,28,6
32,10,58,66,60,5,36,9
28,8,68,73,67,8,42,12
24,7,74,78,69,9,45,11

10,3,49,57,33,1,23,0
15,5,58,65,50,5,30,5
15,7,63,72,61,11,37,8
13,7,67,79,71,14,43,11
13,7,67,79,71,14,43,11
11,6,71,82,75,17,46,13
9,6,71,82,77,17,46,13

16,3,58,59,38,0,18,0
20,5,68,71,48,4,30,1
20,6,76,77,54,8,35,4
19,7,80,79,57,10,36,5

15,3,37,44,44,31,15,1
37,8,48,69,67,51,35,6
44,10,55,80,76,61,47,12
42,8,60,87,81,66,52,16

14,0,11,61,56,28,10,1
17,9,17,66,76,51,34,6
19,14,22,76,85,59,45,11
17,15,26,83,93,67,51,15
17,15,26,83,93,67,51,15
16,14,27,86,97,72,53,16
16,14,28,89,100,75,55,18

19,10,3,45,75,35,22,1
27,19,15,59,89,56,35,5
27,21,23,69,96,64,42,8
26,21,28,75,99,67,45,10
24,20,28,80,103,70,47,12
21,18,29,82,106,70,49,14
20,16,30,82,107,71,50,14

15,4,5,39,72,59,49,11
18,10,11,58,91,68,57,18
19,13,16,67,98,72,62,23
19,15,21,73,103,75,66,26
18,14,23,76,105,75,67,28
16,13,24,78,106,75,67,28

13,4,6,40,68,47,23,1
21,15,15,52,81,58,38,9
27,22,17,59,87,63,45,13
27,22,22,66,93,69,47,15
26,20,24,71,98,73,48,17
24,18,25,73,101,74,49,17

14,4,6,38,75,45,32,7
15,8,13,51,86,52,38,11
14,10,16,62,93,61,44,14
13,9,17,66,96,64,47,16
11,8,17,68,98,63,47,17

0,0,0,15,54,48,31,4
0,1,1,25,67,58,41,8
0,4,3,34,75,66,47,13
0,5,4,35,77,72,53,21
0,5,6,36,79,73,56,25
0,4,6,36,80,75,61,29
0,3,6,36,81,76,63,31

0,0,3,28,78,77,66,36
0,0,3,26,79,77,68,37

0,0,0,11,71,68,56,21
0,0,0,13,71,68,57,22
0,0,0,15,72,67,58,22
0,0,0,17,72,66,59,22
0,0,0,20,73,67,60,21
0,0,0,21,74,69,61,21
0,0,0,22,74,69,60,20
0,0,0,23,74,70,60,21

15,1,35,49,56,43,32,3
12,1,37,48,58,47,35,2
9,0,39,48,60,49,38,4
7,0,40,50,60,50,41,4
5,0,40,52,61,51,43,5
4,0,40,50,61,53,44,5
3,0,39,50,62,52,45,5

0,0,36,50,62,46,46,3
0,0,37,50,61,46,46,4
0,0,38,50,61,45,46,4
0,0,39,50,60,45,46,4
0,0,37,49,60,46,48,4
0,0,37,49,61,46,49,4
0,0,37,49,61,47,49,4

7,3,5,29,72,43,29,3
6,3,6,35,77,51,37,7
5,4,8,38,80,60,42,10
5,3,9,40,80,63,44,12
5,2,10,42,80,66,47,14
4,2,10,43,82,67,48,14

3,1,9,44,83,69,49,16

15,5,38,54,53,35,17,1
14,5,43,60,60,49,26,2
13,5,48,63,63,52,26,3
11,4,50,64,63,54,27,2
9,3,52,64,62,56,28,3

14,8,18,58,60,30,28,7
15,11,22,63,68,40,37,13
13,9,23,68,73,49,46,21
11,8,24,70,77,54,51,27
8,7,23,72,82,58,53,31
6,5,22,73,83,59,58,33
4,3,20,73,87,62,58,35
3,1,19,74,90,64,59,35

5,0,4,52,74,56,41,16
5,0,7,57,80,63,51,19
5,0,10,58,85,67,55,20
5,0,10,59,88,69,55,19
5,0,10,60,89,69,55,20
4,0,9,62,90,70,54,20
4,0,8,63,92,71,55,20

5,0,4,46,66,48,38,12
6,0,7,55,75,56,46,18
7,1,9,58,81,59,49,22
6,0,9,62,85,67,53,23
5,0,8,64,88,68,53,25
4,0,9,64,88,68,53,25
4,0,9,64,88,68,53,25

9,1,43,56,47,38,14,0
9,2,47,58,54,46,19,0
10,3,48,59,56,51,21,1
17,3,47,59,56,53,23,2
24,2,46,58,56,55,22,1
28,1,44,58,57,55,22,2

8,0,2,44,49,30,34,10
10,0,8,57,68,51,49,22
9,0,16,66,78,61,57,31
7,1,19,69,84,66,61,35
6,1,22,74,90,70,64,37
4,1,25,77,94,75,67,39
3,1,27,78,95,76,65,37

17,9,10,53,76,58,41,13
17,12,12,54,78,63,47,20
17,12,15,57,81,66,53,25
15,11,18,62,86,71,57,27
14,11,21,66,89,73,59,27
11,11,22,69,92,73,60,27

22,18,8,42,69,36,29,10
21,22,14,49,81,49,41,16
19,21,21,64,91,62,48,23
17,19,23,70,94,66,52,25

13,6,6,30,61,33,23,3
16,17,14,47,76,48,31,9
20,22,19,58,88,55,36,14
21,26,23,65,94,62,42,18
23,27,25,69,98,63,46,21
22,27,26,72,101,67,48,21
20,26,26,73,102,70,49,22

8,2,49,44,41,38,9,1
7,2,50,50,44,39,10,1
6,3,51,53,45,40,10,0
5,3,50,54,45,43,9,0

22,7,47,48,40,30,17,1
18,6,49,51,41,36,18,1
15,5,52,53,42,40,18,1
12,4,54,54,42,42,18,1

28,25,22,40,55,37,39,31
36,31,30,57,72,53,53,39
33,30,33,61,82,57,56,42
30,30,35,66,87,58,57,43
26,29,35,69,88,61,58,43

23,13,9,39,61,34,36,22
29,23,20,51,76,51,52,34
30,27,27,59,84,62,59,42
29,27,30,65,88,67,65,47
27,29,30,70,90,68,66,48
25,29,31,74,92,68,66,48
24,28,31,76,96,71,67,47

22,17,5,37,53,38,42,19
28,28,21,56,71,52,52,31
28,31,27,64,82,59,57,36
28,31,30,69,88,64,61,41
25,31,31,73,93,67,63,42
22,31,32,73,96,70,64,44
18,29,33,74,98,71,66,44

16,12,10,38,65,36,37,24
17,14,18,46,74,46,45,29
16,15,24,58,82,55,51,34
14,16,29,63,88,61,54,39
13,17,31,67,92,63,57,42
11,16,30,68,95,65,60,43
10,14,29,67,96,69,63,44

24,17,14,47,59,42,35,19
27,20,18,52,69,52,40,25
27,20,19,58,75,58,48,28
24,21,23,64,84,62,51,31
21,21,24,68,90,64,52,31
18,20,23,70,93,66,52,31
18,20,23,70,93,66,52,31

17,15,10,50,61,34,32,16
25,24,25,62,74,52,42,27
25,26,29,72,83,59,49,32
25,27,35,80,93,65,57,36
24,27,36,85,98,68,62,39
21,28,37,89,101,69,63,40
21,28,37,89,101,69,63,40
18,27,37,92,104,71,63,41

19,17,8,42,59,38,28,10
21,21,13,53,71,48,35,14
22,22,16,60,77,54,38,17
22,22,19,64,82,58,41,22
20,20,21,66,84,60,45,25
16,19,21,68,86,61,49,26
14,16,20,69,88,61,52,27

19,21,17,46,66,39,34,19
19,25,22,58,79,52,46,29
18,24,24,64,85,58,53,32
15,22,24,67,89,62,56,34

16,18,11,43,63,46,45,30
23,27,18,55,74,56,52,31
26,33,25,63,80,58,54,33
27,35,26,66,82,61,58,34
26,35,26,68,86,63,62,34

28,26,12,40,56,49,40,23
25,25,19,55,72,55,49,29
22,23,23,65,81,61,56,32
18,23,25,71,87,66,60,36
15,21,27,74,89,66,61,37

22,23,15,48,57,39,32,14
25,28,23,56,68,49,41,21
22,27,27,61,75,54,48,28
19,25,30,67,81,59,53,32
16,23,32,69,85,62,57,37
13,21,32,72,88,65,60,39
12,18,32,73,91,65,61,40

19,15,13,49,61,42,31,13
20,19,20,60,73,55,44,21
20,22,26,68,84,61,51,26
20,25,33,76,93,65,56,31
21,28,39,82,99,69,60,36
21,29,42,85,101,72,62,38
19,30,42,88,103,73,64,38
17,31,42,89,104,74,63,38
16,31,40,90,105,78,63,37

21,19,5,29,59,51,18,20
26,28,10,40,70,59,26,24
25,28,17,49,82,64,30,28
24,27,23,54,88,69,33,29
23,27,24,59,92,71,36,30
20,27,23,62,95,73,37,32
18,27,22,66,97,73,39,31

20,15,11,37,69,60,19,20
24,23,18,52,83,72,32,31
29,28,25,58,90,77,39,37
30,31,27,63,94,79,43,38
28,31,28,66,97,80,45,39
26,30,28,68,99,82,44,38

13,15,8,35,68,53,25,9
17,20,19,51,79,63,33,15
17,20,19,51,79,63,33,15
18,24,24,60,90,70,38,20
17,27,28,68,97,77,44,23
14,27,31,70,100,79,48,25
11,26,30,70,102,80,49,25

15,4,50,47,32,28,11,0
18,9,56,58,41,37,19,0
18,11,61,63,46,43,25,0
17,12,64,68,49,45,28,1
15,11,66,69,51,45,30,1
14,10,66,72,54,48,30,2

16,7,50,55,34,28,13,0
19,11,59,63,43,41,19,0
21,13,64,68,49,50,23,0
21,15,69,74,53,54,28,2
20,18,72,77,57,56,32,4
19,21,74,80,60,58,34,4
18,19,74,81,61,58,34,5

14,9,49,47,33,40,11,0
19,13,57,55,47,50,16,0
20,14,64,64,50,56,18,0
21,16,69,69,53,59,19,0
21,16,69,69,53,59,19,0
22,17,70,73,56,60,19,1
21,16,71,75,58,62,18,1

9,5,49,59,72,48,38,21
9,10,57,65,83,60,49,34
9,15,61,68,87,66,57,42
10,19,65,72,90,68,60,44
11,22,66,73,91,70,61,46
11,23,66,74,91,70,61,49
10,22,66,75,92,74,62,47

16,12,47,66,76,61,42,28
19,21,54,76,85,67,52,38
19,27,60,83,90,73,55,42
19,32,63,86,93,76,56,46
17,31,65,89,96,78,58,46
15,30,65,92,98,78,59,46

17,6,59,71,57,38,23,0
21,13,65,76,62,43,27,0
24,16,69,83,68,45,28,0
23,15,72,85,70,46,29,0
22,14,75,85,70,46,29,1

16,16,63,61,36,19,4,0
21,22,71,68,44,29,6,0
23,22,77,72,49,34,9,0
20,20,79,75,53,37,11,0
17,19,80,76,55,40,13,0
15,18,81,79,55,42,14,0
12,17,83,81,58,42,14,0
10,15,84,83,59,41,13,0

17,16,68,67,25,19,2,0
15,17,72,71,31,23,5,0
13,18,74,73,36,30,9,0
10,20,75,74,38,33,10,0
8,19,79,77,41,32,11,0
7,18,81,79,41,32,10,0

12,7,57,60,27,7,1,0
12,7,57,60,27,7,1,0
17,12,64,66,33,19,3,0
18,17,69,68,37,24,7,0
17,20,74,70,41,31,11,0
15,20,76,72,43,35,13,0
15,20,76,72,43,35,13,0
13,20,78,75,45,38,13,0

9,8,65,54,20,4,2,0
17,15,69,58,33,25,5,0
21,18,71,62,43,34,8,0
21,18,71,62,43,34,8,0
20,22,75,68,50,41,12,0
19,23,77,73,55,45,15,0
18,24,79,78,59,47,16,0
15,25,82,82,59,48,16,1
12,25,85,84,59,47,16,0

23,19,61,60,36,10,9,0
23,19,61,60,36,10,9,0
28,22,68,62,42,20,13,0
30,25,75,65,48,27,18,1
28,26,78,68,54,32,20,1
26,27,81,70,59,34,21,1

15,23,70,60,25,2,1,0
17,30,76,66,40,8,5,0
18,31,78,67,48,17,8,0
18,31,82,70,54,25,9,0
18,30,86,73,61,34,13,1
17,29,89,77,65,41,13,1
15,29,90,79,66,46,14,1
14,28,90,80,65,47,14,1

18,17,66,53,27,4,0,0
31,20,72,61,36,10,2,0
32,21,76,68,45,19,7,0
32,22,79,73,50,24,11,0
29,21,81,78,55,26,13,0
26,20,82,80,59,28,12,1

41,38,57,62,25,0,0,0
49,47,69,76,36,1,3,0
54,49,76,81,46,4,8,0
54,51,79,87,49,6,10,0

27,12,53,62,19,0,0,0
34,18,58,69,25,0,0,0
36,20,64,75,34,2,0,0
36,21,69,78,40,4,0,0
36,20,71,80,44,7,1,0
35,19,72,82,47,8,2,0
32,18,74,84,48,8,2,0

11,3,1,35,56,35,28,16
12,7,5,45,71,48,36,28
10,9,9,50,81,55,41,33
8,12,12,52,88,63,46,38
6,13,15,55,92,70,49,41
5,11,15,57,94,74,52,42

14,14,2,19,55,41,16,14
16,19,10,34,72,59,29,24
15,23,14,39,78,64,37,29
14,25,15,44,80,67,42,31
13,24,16,47,81,70,45,34
12,23,20,52,84,73,48,35
11,22,23,55,87,74,51,35
9,21,24,54,90,76,51,36

21,17,10,15,47,41,24,18
23,20,16,25,56,48,32,23
22,23,19,33,65,53,36,26
21,27,24,49,79,55,37,28
21,29,28,57,88,59,40,29
20,30,30,63,93,62,43,30
19,30,32,64,95,64,44,30
17,29,31,64,97,67,44,29
15,27,30,63,98,70,45,29

3,13,17,41,55,45,38,31
2,13,19,40,60,47,40,32
2,14,21,43,63,50,43,32
1,14,21,44,65,51,43,31
1,15,22,46,66,52,43,31
1,15,20,46,66,54,42,31
2,15,19,46,68,55,42,30
3,14,19,45,69,56,42,29

2,0,47,29,29,9,8,0

9,4,38,41,33,27,3,0
8,6,39,44,40,31,10,0
2,3,34,59,56,38,23,3
1,2,32,61,57,38,22,5

18,29,19,63,63,37,30,24
21,31,25,71,72,42,39,34
22,34,30,78,77,45,43,41
20,33,29,79,79,46,46,44
18,32,29,80,82,48,50,45

31,4,43,37,22,1,3,0
33,6,47,44,28,3,6,0
31,8,53,49,34,5,9,0
27,8,60,52,39,7,12,0
27,8,60,52,39,7,12,0
23,7,62,56,45,10,15,0
19,6,63,57,48,9,17,0

28,5,55,51,35,2,6,0
24,5,60,54,41,4,10,0
21,7,63,58,45,7,13,0
17,8,64,59,48,10,13,0

23,13,53,40,15,21,1,0
26,16,58,47,20,27,2,0
25,15,61,50,24,36,3,0
23,13,63,52,27,40,4,0
19,11,63,54,29,41,4,0

13,16,44,37,23,0,1,0
19,21,53,46,32,9,5,0
22,23,59,51,36,21,6,0
21,24,64,55,41,27,7,1
18,23,67,59,44,30,7,1
15,22,69,62,48,32,7,1
12,21,73,65,51,34,8,1
10,20,78,69,53,35,8,0

31,13,38,28,14,4,0,0
29,16,46,35,18,17,0,0
25,16,52,42,23,27,0,0
20,15,56,46,27,31,1,0
16,12,61,49,29,33,1,0
16,12,61,49,29,33,1,0
12,10,63,51,30,36,1,0

16,5,43,21,3,1,0,0
24,13,55,31,13,7,0,0
27,18,60,39,20,15,0,0
24,18,63,44,25,22,0,0
20,17,65,48,30,29,0,0
16,17,69,52,32,32,1,0
12,17,72,54,33,31,2,0
8,17,74,56,34,30,2,0

24,13,39,18,4,0,0,0
34,25,51,26,7,3,0,0
35,26,55,29,9,10,0,0
31,25,57,32,12,16,0,0
28,22,59,35,17,25,1,0
23,18,60,39,19,27,1,0

19,16,52,41,37,43,10,0
17,15,54,43,38,52,14,1
14,15,55,44,39,53,15,1
12,14,57,46,39,55,16,0
10,12,59,47,38,57,17,0

9,14,53,44,24,42,6,0
8,17,57,47,29,50,10,0
7,19,60,49,32,55,12,0
6,18,60,51,36,58,13,0
5,18,61,53,37,62,14,0
4,18,62,54,39,63,16,1
3,17,62,55,40,62,16,1
4,17,62,55,42,62,18,1
5,19,63,55,40,62,18,1

9,15,52,45,41,50,22,1
5,14,54,49,44,58,28,2
4,14,55,50,45,59,29,3
3,15,56,50,46,59,29,4
2,16,58,51,45,59,29,4

5,16,57,49,47,57,27,5

4,9,43,40,41,46,28,2
1,7,49,43,46,51,28,2
1,7,50,43,46,50,27,3

20,24,34,46,50,43,24,15
22,28,38,54,59,51,32,21
26,32,40,61,65,57,39,27
26,33,41,65,69,61,42,32
26,34,41,67,71,61,45,34
25,36,41,69,74,63,46,37
24,37,41,71,77,65,46,37

40,23,31,64,40,26,35,14
41,25,31,66,43,31,43,18
38,26,33,68,46,37,52,27
35,26,33,66,46,42,53,30

8,14,23,62,39,33,23,4
10,20,33,71,50,42,41,17
16,23,37,77,59,51,50,25
20,25,40,79,64,56,55,29
21,25,38,79,65,59,57,30

21,10,13,55,45,39,24,15
24,18,18,62,54,46,33,22
23,21,24,66,63,54,44,33
22,23,28,67,70,57,48,38
20,22,29,67,72,60,51,38
19,22,28,66,75,62,54,39
17,23,26,67,79,63,56,39

16,13,16,50,43,27,17,6
18,16,21,58,54,40,30,14
17,18,24,61,60,44,34,19
16,19,24,63,64,50,41,25
14,21,24,65,69,55,48,30
12,21,24,67,71,59,52,34

14,18,25,64,53,35,32,17
16,22,33,73,65,46,43,24
17,25,37,80,73,53,51,31
16,28,38,84,77,56,59,37
14,29,37,85,81,59,62,40
11,29,37,88,83,61,63,41
10,27,36,88,84,64,64,42

19,17,29,62,54,51,45,21
18,18,29,65,59,56,50,27
15,16,29,66,62,59,51,28
12,14,27,70,66,61,52,28

8,15,16,41,59,32,24,13
10,19,21,48,70,44,35,27
11,23,23,52,79,51,42,36
11,26,27,58,84,60,50,41
10,28,29,61,86,64,54,45
10,29,29,63,87,67,57,45
8,27,29,65,87,69,59,46
6,25,29,66,88,69,59,46

10,11,13,43,57,39,33,24
10,16,18,48,65,51,42,32
9,19,21,50,70,56,49,36
8,21,24,52,75,58,51,41
8,21,27,52,77,62,55,42
8,21,27,54,80,66,56,44
7,22,27,57,82,68,58,45

22,26,20,42,58,41,31,19
31,28,24,50,66,48,40,27
32,28,26,55,73,55,47,33
30,26,29,60,81,63,51,37
29,25,30,64,84,66,54,39
27,23,30,65,84,67,56,40

27,16,20,48,64,38,36,28
29,22,28,60,77,50,47,36
28,26,34,70,85,59,53,43
26,27,37,74,86,63,57,44
24,29,38,77,86,65,59,45
21,30,38,79,86,67,60,45

22,12,27,58,70,48,42,27
26,18,37,68,77,55,50,32
31,25,41,73,81,62,56,38
34,28,44,75,84,64,58,41
36,30,45,78,86,67,63,44
37,31,45,79,87,68,66,47
37,29,43,81,87,70,66,48

14,26,19,45,63,50,35,19
13,28,26,48,72,60,40,24
13,29,27,51,77,67,44,29
13,30,29,53,82,70,49,30
13,31,31,55,84,72,51,31
13,32,32,56,85,73,50,31
14,33,33,56,84,73,50,32

28,37,22,43,64,54,46,33
40,42,31,54,77,59,49,37
40,42,31,54,77,59,49,37
40,45,37,61,85,65,53,41
40,48,42,67,91,69,56,44
39,48,47,69,94,72,59,47
37,49,50,71,96,76,62,47
35,49,50,71,98,77,63,48

23,15,14,34,57,41,34,26
23,15,14,34,57,41,34,26
27,22,22,44,71,52,44,36
27,22,22,44,71,52,44,36
28,26,29,58,80,58,50,43
27,31,33,66,88,67,55,46
25,34,38,70,93,70,59,49
23,36,41,74,96,72,60,51
21,37,43,75,98,74,61,51

46,30,30,58,55,32,37,29
60,43,49,71,69,52,56,50
63,50,58,85,84,62,69,63
64,57,66,95,94,67,81,76
66,60,69,100,99,72,86,80
65,62,72,102,103,74,88,81
62,62,72,105,107,78,89,84

54,43,32,68,57,25,45,47
71,58,50,81,73,46,62,61
71,59,60,89,86,59,67,69
70,61,65,97,96,65,72,73
69,65,70,101,103,73,78,76
69,67,72,106,110,75,81,77
66,66,72,109,113,78,81,76

45,34,48,72,70,37,47,41
62,48,58,84,80,48,61,55
68,53,65,93,89,59,69,65
71,58,70,103,96,67,74,70
74,61,76,111,103,77,81,74
74,66,80,116,111,80,84,76
73,71,81,119,118,83,87,78
72,72,83,121,121,86,87,77

41,20,32,65,59,23,34,29
53,36,44,77,72,39,49,43
59,44,53,87,83,52,62,53
60,51,64,96,92,63,70,56
60,51,64,96,92,63,70,56
62,56,70,99,99,72,76,62
61,58,71,102,104,74,77,64
59,58,71,104,105,75,79,65

51,37,39,85,72,37,43,34
66,52,50,91,84,53,60,48
75,59,58,95,90,60,66,58
75,59,58,95,90,60,66,58
77,60,64,98,96,67,72,64
78,60,67,101,99,75,76,69
75,62,69,105,103,80,81,71
72,62,70,107,107,82,83,73
69,61,72,107,110,82,85,72

39,38,35,80,74,53,63,38
44,45,43,88,87,62,74,52
45,48,48,92,94,73,81,62
44,49,51,93,99,78,88,69
43,50,53,94,103,84,91,74
40,51,53,95,104,85,93,74

32,27,26,56,66,40,41,32
32,32,30,61,80,54,54,42
32,37,36,67,86,66,61,50
32,42,38,69,88,68,66,53
31,47,39,71,90,69,68,56
30,50,41,73,93,70,69,57
31,49,40,74,94,71,70,57

11,9,15,46,58,25,29,16
15,23,26,67,76,44,46,33
17,31,31,78,85,53,57,42
16,38,35,84,91,57,63,49
19,43,40,85,96,63,70,54
19,43,40,85,96,63,70,54
21,45,44,86,98,68,73,58
22,48,46,87,100,72,76,61
23,49,46,88,101,74,78,61
24,48,46,87,100,77,78,61

23,19,16,47,56,32,42,30
27,30,33,65,77,52,57,44
29,38,37,70,84,58,65,50
31,42,40,74,92,63,70,54
32,43,44,75,95,67,73,56
31,44,44,77,98,70,74,57
30,45,44,77,99,71,75,57

35,33,25,50,63,43,46,33
39,40,29,55,68,49,53,38
42,47,37,61,74,59,60,44
47,49,40,65,82,68,64,50
54,50,41,71,87,69,68,53
54,50,41,71,87,69,68,53
54,48,42,74,90,74,71,55
52,46,43,77,93,76,73,57

46,33,21,46,62,41,46,36
46,37,28,56,74,51,56,44
43,38,32,63,78,55,58,44
39,38,35,69,79,59,60,45
35,35,37,72,82,60,62,48
30,33,38,72,85,60,63,49

26,29,19,44,46,34,40,31
38,34,28,54,55,44,47,36
45,36,34,61,61,51,52,39
46,38,37,69,69,56,60,43
45,40,40,73,73,57,65,47
44,39,42,75,78,62,68,52
44,38,42,76,80,65,71,55
43,36,43,78,82,66,75,56
42,34,42,80,86,70,76,58

35,28,30,52,57,34,43,33
43,40,41,61,64,46,55,42
51,47,47,69,69,53,61,48
56,51,48,71,74,59,65,50
63,51,48,73,77,62,68,53
67,49,47,75,81,66,71,57
67,47,48,79,83,71,74,60
64,45,49,82,86,74,76,62

29,33,32,63,71,52,57,42
29,33,32,63,71,52,57,42
36,39,40,70,81,62,68,53
40,43,48,79,89,67,73,58
40,45,53,85,95,71,77,61
41,47,56,90,99,75,80,65
40,48,58,96,100,77,83,66
38,49,59,99,101,79,85,67
37,50,59,101,101,80,85,68

34,26,21,52,59,41,43,28
43,36,33,62,71,54,55,37
49,43,39,68,78,63,63,45
50,45,43,76,84,69,71,50
51,47,49,84,90,72,76,57
51,48,51,89,93,75,80,61
50,49,54,92,96,78,82,64
49,49,56,97,96,80,83,66
46,47,57,99,99,79,83,67

35,25,56,56,23,27,14,0
33,26,62,61,27,37,16,1
30,24,64,63,32,39,16,1
27,22,64,65,35,41,16,1
22,20,66,66,38,41,16,1

11,8,52,46,32,34,7,3
11,13,61,52,39,39,12,4
11,15,65,58,44,43,18,6
10,16,66,61,49,46,20,6
8,15,66,63,51,49,20,7

22,11,45,47,25,17,11,3
21,13,51,51,27,23,17,3
20,13,55,55,26,25,20,4
19,13,59,59,28,26,20,3
18,12,61,60,29,28,21,3

24,15,50,54,31,15,16,0
27,20,60,60,38,26,20,0
27,22,71,63,40,28,22,1
28,24,75,66,42,33,24,2
28,25,77,69,43,35,26,3
27,26,79,69,46,37,27,4
24,25,78,72,47,39,27,4

22,15,54,39,24,7,7,0
28,21,64,48,30,16,15,0
30,23,67,54,33,22,17,1
30,25,68,58,35,27,19,2
31,25,69,61,39,32,22,3
32,25,71,64,41,35,24,3
30,24,73,68,42,39,27,3
27,22,73,68,44,40,28,3

25,18,55,39,23,17,6,0
31,22,60,51,32,27,14,0
32,25,70,56,37,32,19,0
33,27,76,61,39,36,22,1
33,28,80,65,40,40,23,1
32,29,81,66,41,44,24,1
29,30,82,66,43,45,24,1
26,29,84,66,43,46,24,1

15,4,58,39,11,13,10,0
18,10,66,49,21,28,16,0
15,11,68,52,24,33,17,0
13,11,68,54,27,36,18,0
10,11,69,56,30,41,19,0
8,11,69,56,31,41,20,0
6,10,70,57,32,42,21,0

21,11,44,32,10,17,9,0
27,13,50,44,19,28,16,0
26,14,55,51,23,37,20,0
25,14,58,55,26,45,23,1
24,18,62,58,32,49,25,2
22,19,64,59,36,51,26,3
22,21,66,61,40,55,27,4
22,22,68,62,42,59,29,7
23,21,70,63,43,62,30,8
23,23,70,63,44,64,29,9
23,25,72,64,45,64,27,9

35,22,48,33,20,30,13,0
45,30,56,40,23,36,20,1
46,33,60,46,31,41,28,4
45,37,64,49,33,46,32,5
43,39,68,53,34,49,34,7
40,37,70,55,37,51,37,8

29,14,55,44,19,21,18,3
27,16,61,50,25,26,24,4
24,18,65,55,31,28,28,4
21,18,67,58,34,31,30,5
19,18,70,58,34,33,31,5
17,21,73,59,33,36,30,4

19,18,43,54,4,12,12,0
24,25,52,61,13,23,21,0
24,27,59,63,22,33,29,3
23,28,62,62,27,40,35,8
22,29,64,63,31,45,37,12
22,28,70,65,36,51,42,17
21,29,73,67,38,54,44,20
20,30,75,70,44,56,44,21
18,30,76,73,47,58,45,21
17,30,75,74,48,59,45,21
16,28,76,76,49,61,45,20

24,17,35,38,5,10,8,0
26,22,50,46,18,24,13,0
25,25,59,50,26,36,17,0
24,26,66,53,32,44,20,0
23,27,69,58,38,49,21,1
21,27,73,61,44,52,23,2
19,26,75,64,48,57,25,4
17,24,75,64,50,57,25,4

23,13,43,41,9,17,14,0
24,16,53,46,21,30,21,0
23,18,59,50,27,38,26,3
22,20,64,53,30,44,29,4
22,23,66,54,33,46,29,5
20,25,66,55,35,45,30,5
19,25,67,55,37,47,31,7
17,24,66,54,39,49,32,8

35,27,54,46,41,44,33,5
36,30,60,53,49,55,36,10
34,34,65,59,55,60,41,15
32,36,68,65,56,62,42,19
29,36,71,68,59,67,44,20
27,36,73,69,60,67,46,22
26,38,74,69,62,70,49,22
25,39,76,69,63,71,51,23
23,39,76,69,64,71,51,24
23,40,76,69,65,69,50,24

24,14,25,46,23,23,19,2
27,16,38,53,37,35,32,9
27,17,43,59,45,44,39,19
26,19,46,64,51,47,44,25
24,21,48,67,54,49,50,29
23,22,53,71,56,50,51,32
20,22,56,72,56,52,51,32
18,24,56,73,59,52,52,33
17,25,57,75,61,54,52,33
15,26,59,76,62,55,53,32
14,27,59,78,63,57,54,32
13,27,60,78,64,59,56,33
14,27,59,77,65,60,57,33
14,26,58,77,65,62,58,34

9,0,55,28,4,19,8,0
14,4,62,40,23,36,16,0
18,11,66,46,33,47,24,1
22,17,69,52,38,57,30,5
24,19,69,56,43,60,34,8
25,22,70,61,46,63,36,12
26,23,70,63,47,65,38,12
25,23,69,64,48,66,40,14

15,17,62,52,21,17,9,0
15,17,62,52,21,17,9,0
14,16,68,56,25,29,12,0
13,16,71,57,28,34,13,0
11,16,73,58,30,37,12,0
9,15,73,58,31,40,15,0
7,15,72,59,31,43,16,0

8,5,18,54,40,35,27,6
12,15,34,69,57,51,48,20
14,21,42,78,66,61,58,29
15,22,46,81,71,66,63,36
16,27,47,83,77,68,67,44
17,31,47,84,81,68,70,47
17,32,48,84,83,70,70,49
15,33,48,84,85,70,70,50
14,35,48,82,87,71,69,50

34,15,45,21,53,49,39,15
39,25,53,37,67,60,51,26
40,31,59,47,73,64,57,36
38,31,62,50,77,70,63,42
36,32,65,52,81,72,67,46
34,34,66,57,83,75,70,50
32,35,67,59,84,77,72,52
30,35,68,60,85,79,72,53
27,35,68,60,85,78,72,55

19,11,52,53,16,34,10,0
22,13,55,58,19,40,13,0
20,12,57,60,24,43,16,0
17,9,56,60,27,44,19,0
14,7,56,59,28,45,21,1

23,18,59,46,22,31,6,0
24,20,65,56,33,44,11,0
22,19,67,60,38,51,17,0
19,17,67,61,39,53,19,0
16,16,68,61,39,55,21,0

26,19,22,21,43,39,22,6
34,29,32,33,58,56,37,13
33,29,38,40,65,61,46,21
31,30,40,43,69,66,52,23
28,29,39,47,74,70,54,24
24,27,38,50,76,72,58,27
19,24,37,54,80,73,59,29

20,18,23,38,60,45,34,10
23,22,32,49,67,54,46,21
22,26,37,54,75,61,52,29
21,29,41,59,78,64,57,36
20,33,43,63,82,69,61,37
20,35,44,65,86,71,63,40
20,34,44,66,88,71,63,41

13,14,25,59,57,49,42,23
14,19,32,64,61,55,49,31
14,24,34,64,63,58,55,40
13,26,35,64,65,59,60,44
10,25,34,64,66,62,63,45

8,16,24,61,67,45,45,23
10,19,27,66,73,49,50,29
12,21,28,67,76,52,54,32
11,22,28,68,78,55,57,35
11,22,28,68,78,55,57,35
10,21,27,69,78,57,59,36
8,21,27,69,78,57,60,35

27,25,27,63,49,30,32,16
28,30,32,67,59,38,43,20
27,31,35,72,63,45,49,27
27,32,36,75,68,51,54,31
27,32,36,75,68,51,54,31
26,32,39,77,70,54,57,36
26,33,40,78,71,55,60,40
28,34,42,80,73,59,62,41
28,35,43,80,73,61,63,41

14,19,31,76,65,41,46,26
16,25,37,82,69,50,55,32
17,29,40,87,74,59,61,37
17,31,43,88,76,61,64,40
16,31,45,88,77,62,65,42

27,13,22,56,53,43,43,23
28,16,23,60,56,45,47,26
45,16,24,61,61,50,55,31
48,17,24,63,63,55,58,35
45,16,26,66,67,56,59,37

25,33,12,38,58,41,32,14
28,37,22,45,64,48,39,20
31,37,26,49,68,53,43,24
35,36,27,50,68,57,47,30
34,35,25,49,69,61,50,36

27,24,23,46,55,45,35,20
27,28,26,52,63,51,43,27
28,32,34,61,71,57,50,34
29,32,39,69,76,62,55,40
29,32,42,72,81,64,60,43
28,31,41,73,85,66,64,46
26,30,41,74,87,67,68,49
24,28,39,74,88,70,69,50

27,24,16,45,52,34,27,17
30,27,21,51,60,44,34,23
30,30,27,56,66,52,42,32
31,33,31,60,71,57,47,39
35,33,33,64,73,59,53,43
47,31,35,67,73,62,56,43
48,30,36,68,75,64,59,45

7,7,26,56,48,33,22,28
7,8,29,61,54,41,28,39
8,8,31,66,59,43,32,41
8,8,31,66,59,43,32,41
7,8,33,72,63,48,33,43
6,7,33,77,64,49,35,43
4,7,35,79,67,49,34,44

8,15,21,61,54,32,34,33
7,15,24,65,57,37,38,36

4,5,12,62,60,42,36,36
3,6,19,72,66,48,43,40
2,6,20,74,68,49,44,43

4,10,16,59,44,28,35,32
4,11,17,66,52,37,44,44
3,9,17,69,56,40,46,45

2,8,7,43,49,27,33,23
3,9,9,58,59,38,40,33
3,9,9,58,59,38,40,33
3,8,10,61,65,43,45,36
2,9,10,64,68,43,45,36

4,12,7,41,50,25,38,26
4,14,9,47,64,35,48,38
3,13,11,55,71,46,53,42
2,11,11,60,75,50,56,46
1,9,10,64,78,53,59,48
1,8,10,66,80,53,58,48

19,28,21,46,48,33,42,40
17,25,21,53,58,41,49,45
14,23,20,60,69,46,54,49
11,20,18,64,72,46,55,51

6,25,21,60,52,30,34,31
6,23,21,70,60,34,39,35
5,21,20,75,65,38,41,36

2,3,8,38,47,22,34,23
2,4,13,49,63,32,43,34
1,7,17,56,70,39,46,37
0,8,20,59,70,38,46,38
0,7,19,61,71,38,45,37

5,1,42,41,26,32,14,2
5,1,47,42,29,38,16,4
3,1,50,44,32,41,16,4
6,5,45,40,38,47,11,6

6,6,37,41,37,39,16,8
4,6,41,44,43,46,19,10

7,9,37,53,44,40,34,14
6,8,41,54,44,41,33,12

7,8,7,50,42,29,27,25
6,11,16,64,57,40,37,31
5,11,22,70,66,45,43,34
3,10,25,74,70,48,47,35
2,9,23,75,71,49,47,37

12,21,12,41,49,24,33,23
11,24,17,53,58,38,37,31
9,23,18,61,68,44,41,35
8,21,20,68,73,48,43,36
6,20,22,74,77,49,43,37

11,7,3,36,32,21,29,16
10,10,6,44,40,28,37,23
8,12,13,55,53,34,41,29
6,12,18,61,59,38,44,33
5,13,21,65,64,39,44,33

5,10,13,47,41,19,13,15
5,14,19,60,54,33,22,26
5,15,22,66,60,37,27,30
4,15,26,72,67,43,31,34
3,14,29,76,71,46,34,35
2,13,28,78,71,46,34,35

17,14,49,52,28,19,5,2
20,18,57,57,34,23,7,4
17,17,60,57,36,24,6,3

11,8,41,38,23,17,1,0
8,6,44,39,30,22,1,0
6,5,47,41,35,27,2,0

8,9,26,49,33,23,13,7
8,10,29,58,42,30,21,11
7,11,31,62,46,35,24,13
5,9,31,65,46,36,25,13

9,18,11,51,43,23,26,22
8,21,19,64,56,30,33,28
8,21,21,71,63,34,36,30
6,17,22,75,67,37,37,31
4,14,21,76,68,39,38,32

10,10,7,42,36,20,31,13
9,11,9,52,48,26,35,19
8,11,11,57,55,30,35,22
6,10,10,60,58,32,36,23

9,11,11,46,43,25,38,20
8,16,16,57,56,33,44,26
7,19,19,61,60,33,46,26
5,18,21,62,61,34,45,25
3,17,22,65,63,35,45,25

30,10,28,49,29,27,18,5
28,13,36,52,34,40,23,5
26,13,40,54,38,43,25,6

11,19,28,57,28,20,21,3
8,18,35,61,33,24,22,2
6,18,39,63,36,24,21,2

23,34,29,66,29,21,25,5
24,40,35,72,37,27,32,9
21,36,35,81,43,32,39,14
17,32,35,85,48,34,39,15
17,32,35,85,48,34,39,15
14,27,37,89,50,36,40,15

8,11,19,58,28,21,29,11
8,16,24,72,44,31,43,17
7,17,29,80,52,36,52,21
6,18,33,87,57,41,54,24
5,18,37,91,61,42,54,26

15,14,8,51,24,12,24,10
15,18,20,61,35,24,33,18
14,20,23,65,42,29,38,20
11,20,25,72,47,31,41,20
9,18,24,79,52,33,43,22
6,17,26,80,55,35,42,19

11,28,20,51,51,40,28,6
13,32,21,53,58,49,34,11
14,34,20,54,64,54,39,14
12,33,18,54,65,54,41,15
10,32,17,53,67,55,42,15

7,6,20,54,37,32,34,8
5,4,19,62,39,35,36,9
3,2,18,67,46,37,39,10
2,1,16,71,50,39,40,12
1,0,16,74,51,40,40,11

9,6,14,57,38,31,25,2
7,4,15,59,40,32,28,2
7,4,15,59,40,32,28,2

9,22,11,44,53,35,34,14
7,24,11,47,59,40,38,16
5,22,11,52,63,45,42,20
4,22,11,54,66,48,43,22
2,21,11,55,66,49,44,23

12,33,11,45,53,38,42,18
11,36,13,48,59,41,45,21
8,31,11,48,63,45,46,25
8,31,11,48,63,45,46,25

11,9,11,60,55,34,37,16
11,12,15,69,63,41,44,23
9,12,15,69,67,42,45,24

6,21,16,45,56,46,36,15
8,25,23,55,66,55,41,20
8,25,25,63,70,57,44,24
7,24,27,69,74,59,46,29
6,23,27,70,76,60,47,30
4,21,27,71,79,62,46,31

11,14,23,61,51,28,38,19
10,15,28,71,60,35,45,24
7,15,29,77,63,42,50,26
5,14,28,78,66,42,51,28
3,12,27,79,68,43,51,30

4,5,7,41,46,24,29,18
4,7,11,52,56,35,39,24
4,8,16,58,66,46,45,29
2,10,20,63,73,49,51,31
2,11,23,66,77,50,51,30
1,11,24,69,79,50,51,30

13,10,47,51,31,30,12,0
10,7,51,55,40,34,15,0

16,7,45,47,24,30,20,0
14,7,47,49,27,32,21,0
12,6,49,51,30,37,21,0
10,5,50,52,33,40,21,0
9,5,50,52,35,42,20,0

18,6,21,58,43,35,37,10
15,10,26,64,50,41,47,17
12,11,30,67,54,46,51,22
9,12,31,70,58,48,54,27
6,13,32,71,62,50,55,30

14,25,17,49,54,39,44,26
12,23,20,58,61,45,49,32
12,23,20,58,61,45,49,32
9,21,21,62,69,49,52,37
7,19,22,65,72,52,53,36

20,21,21,59,49,31,47,24
25,29,29,68,62,47,56,35
25,30,35,74,67,52,60,38
23,30,38,77,71,54,64,41
21,30,39,82,76,56,66,44
18,29,40,85,79,57,67,45

14,24,10,47,47,32,36,6
17,29,17,57,57,43,49,15
20,33,25,64,66,51,59,28
20,35,29,71,74,56,65,34
18,35,33,75,80,59,68,37
15,34,35,79,83,61,69,40
12,32,36,85,88,63,70,42

15,8,52,56,30,34,16,0
14,12,60,60,42,47,18,0
12,12,63,65,48,52,19,0

15,16,26,48,31,33,40,13
19,21,32,58,41,38,44,18
19,19,35,72,50,45,51,24
17,18,38,79,56,52,55,29
14,17,38,83,65,56,59,32
11,16,38,86,68,59,61,33

13,16,27,59,43,30,41,13
14,17,31,68,50,36,46,18
11,16,32,75,57,42,51,22
9,15,32,81,61,46,54,27
7,13,32,81,63,51,57,28
5,10,31,83,63,54,57,29

9,14,22,68,52,37,46,23
8,19,31,78,61,48,54,32
7,21,35,83,69,56,61,39
5,24,37,87,74,60,66,44
5,25,38,89,77,62,69,46
5,25,38,89,77,62,69,46
4,26,38,90,79,61,70,45

15,29,15,59,60,39,44,21
18,34,22,66,65,45,52,28
19,35,24,71,69,50,56,33
18,33,25,72,73,56,60,36
15,31,25,74,76,62,61,38
12,32,25,77,80,65,63,39
12,32,25,77,80,65,63,39

20,26,23,66,50,36,37,19
20,28,32,71,60,46,47,26
18,28,37,72,66,53,52,29
17,28,38,72,69,55,55,32
14,27,38,71,71,57,58,33
12,25,37,70,72,59,59,34

5,8,49,57,57,49,34,8
4,9,50,57,58,52,36,9
2,9,48,57,59,55,35,8

18,22,36,65,45,37,42,19
14,21,39,73,54,46,51,22
11,20,39,78,59,50,54,24
8,18,37,80,62,50,54,24

17,12,29,60,48,32,43,20
14,13,31,71,54,41,49,25
12,14,33,78,59,48,56,31
9,14,35,83,64,53,60,34
7,14,37,85,66,55,63,35
5,13,39,88,68,56,64,35
3,12,41,89,69,57,63,35

13,15,14,49,43,31,39,18
16,23,22,58,56,40,45,25
16,26,24,62,60,44,48,29
16,27,24,64,63,47,50,29
13,25,23,68,68,49,52,29

13,22,22,57,37,30,38,14
17,27,29,64,47,39,50,23
16,26,32,72,59,48,57,31
13,25,32,78,69,53,60,38
10,24,33,81,76,59,64,42
7,23,35,84,80,60,64,42

16,13,36,60,45,34,31,8
16,16,39,67,49,38,37,11
15,17,39,73,54,41,39,12
12,17,41,76,56,42,39,11

10,6,33,54,48,46,41,13
11,9,39,61,54,51,43,14
10,11,46,65,58,53,43,14
8,13,50,67,60,54,41,13
7,14,52,69,62,54,39,12
7,14,52,69,62,54,39,12

5,4,35,59,56,48,40,11
4,5,36,64,63,53,44,13

11,21,15,52,56,44,40,24
12,22,18,58,64,49,50,29
9,20,19,61,69,55,55,33
7,18,20,63,74,61,58,36
4,15,20,64,78,63,59,37

7,24,13,46,64,51,51,22
5,22,15,51,69,54,54,23
3,20,15,54,74,56,54,24
3,20,15,54,74,56,54,24

18,15,9,48,52,45,39,17
17,19,13,53,58,50,45,23
14,18,15,59,63,54,49,25
11,18,17,64,68,60,53,29
9,16,20,69,71,64,56,33

15,16,23,59,42,17,18,4
14,17,28,67,49,23,26,7
11,15,30,71,52,24,27,7

2,2,10,58,41,19,25,2
2,3,14,63,47,22,33,5
1,2,17,70,54,30,40,11
1,2,17,73,59,35,45,15

13,15,9,42,40,8,15,1
13,18,12,57,57,24,27,4
12,22,16,69,68,37,38,11
11,24,19,73,76,44,43,15
9,25,21,76,80,49,47,20
6,22,21,76,82,53,50,21

4,3,16,70,58,29,44,13
3,3,20,74,61,37,48,16
2,3,22,76,61,40,49,16

2,4,9,61,42,23,29,7
2,6,14,65,56,33,37,15
1,7,16,69,64,37,42,20

6,15,10,44,55,33,42,12
8,18,14,52,64,42,54,22
8,18,16,59,73,53,59,27
7,18,16,65,79,55,63,31
5,16,15,66,81,56,64,33

2,5,9,58,55,25,35,12
1,6,14,67,65,33,44,21
1,6,15,70,69,40,48,27
0,7,15,73,71,42,50,28

1,0,43,48,37,34,5,0

2,3,46,48,43,41,21,0

3,2,21,66,51,30,36,10
2,2,22,75,60,35,43,15
1,2,22,81,63,38,46,19
1,1,21,81,64,38,47,19

7,12,3,41,61,35,40,16
5,13,7,51,69,39,42,17
4,13,8,56,73,41,43,17
3,12,8,57,73,43,42,16

5,12,7,38,55,36,37,14
4,14,11,47,62,44,44,19
3,15,15,53,67,49,50,24
2,14,16,57,70,52,52,24

6,9,7,34,54,31,38,15
5,9,10,47,65,37,46,20
4,10,15,54,70,39,49,24
3,10,17,60,73,41,51,25
2,9,19,62,75,42,51,25
1,9,19,64,76,42,50,26

12,4,26,50,45,34,30,3
11,5,29,59,52,38,34,6
8,5,31,61,56,40,36,7
6,4,31,63,57,42,37,8
4,4,30,64,58,44,38,9

8,10,9,54,40,25,44,21
8,15,13,65,56,41,56,31
7,16,15,67,59,46,59,35
4,17,14,68,61,47,61,36
2,18,14,68,63,48,62,36

9,16,5,46,54,36,43,19
7,20,9,56,65,43,50,27
6,22,16,67,75,46,54,31
4,25,22,73,79,50,55,32
3,25,24,73,81,50,54,32

3,12,6,51,56,32,39,12
2,15,10,62,66,41,44,18
1,19,14,69,72,48,48,21
0,21,17,74,77,53,52,27
0,21,19,77,81,54,54,29
0,21,19,77,81,54,54,29
0,22,20,79,82,52,53,29

1,8,9,59,52,34,37,17
0,9,13,66,58,39,43,22
0,11,17,72,61,42,45,23
0,12,18,75,65,45,46,23

1,1,19,56,45,40,24,3
1,1,28,61,53,47,27,4
1,0,33,65,58,51,27,5
0,0,38,65,62,55,27,5
0,0,40,65,63,55,27,5
0,0,43,65,63,55,25,5

4,5,34,45,16,11,8,0
6,5,41,52,19,17,13,0
6,6,47,56,27,27,16,0
6,6,50,60,32,33,18,0
5,6,52,63,34,36,20,0
4,5,54,64,35,37,20,0

2,2,47,57,33,10,12,0
2,2,49,59,36,12,12,0

4,1,45,46,30,33,12,0

9,15,5,40,49,47,31,10
7,15,7,46,56,50,34,11
7,15,7,46,56,50,34,11
4,14,8,50,62,54,38,15
3,12,9,50,64,55,39,15
1,9,10,50,67,57,39,16

1,6,7,42,59,49,40,22
1,8,8,47,66,55,46,25
1,8,8,47,66,55,46,25
0,9,9,52,73,59,49,29
0,9,10,56,76,61,51,30
0,8,11,59,77,61,52,28

8,22,6,42,58,48,39,24
9,25,7,46,63,51,41,25
8,25,11,51,65,51,41,25
7,25,12,55,69,52,43,25
5,23,12,57,73,53,43,24

0,2,4,42,42,35,35,10
0,4,6,49,49,42,40,14
0,3,12,60,57,47,44,17
0,4,15,65,63,50,49,20
0,4,17,67,67,53,50,23
0,4,18,70,69,56,51,23

1,0,6,46,34,25,25,6
0,0,10,56,46,37,34,12
0,0,13,65,54,44,45,17
0,0,17,73,59,50,48,18
0,0,17,77,62,53,50,20
0,0,19,78,64,53,49,20

7,8,16,52,44,38,36,16
6,8,19,61,55,47,42,19
4,7,19,66,59,51,45,22

0,12,3,31,62,56,33,12
0,12,5,37,68,59,34,14
0,13,6,41,71,63,39,17
0,12,6,41,71,63,42,19

5,6,8,39,46,42,36,16
4,7,13,45,49,47,42,20
2,6,16,50,54,50,46,23
1,6,16,54,57,51,47,24
1,5,16,57,59,52,47,24

4,28,28,38,46,47,61,49
5,39,35,41,49,47,61,51
6,43,39,48,52,49,62,52
8,44,41,52,57,51,65,54
13,46,43,54,61,55,69,55
15,48,43,56,63,56,71,55

4,27,19,42,42,47,65,45
18,31,27,47,42,48,66,47
20,32,30,49,44,50,67,48

0,0,2,48,45,33,39,14
0,9,12,48,45,39,46,21
0,14,19,46,46,39,47,21

16,5,8,44,26,18,24,4
15,6,15,58,45,31,41,13
14,7,20,68,57,44,51,23
14,7,20,68,57,44,51,23
11,6,22,70,61,48,53,26

14,20,16,48,52,31,36,16
14,22,20,52,57,38,44,23
11,21,20,57,68,47,51,29
8,19,19,59,70,50,54,32
5,17,18,59,72,51,57,32

8,12,11,49,56,31,38,22
7,13,13,54,62,37,45,26
5,12,14,58,65,43,49,29
3,12,14,59,67,46,51,30
2,10,14,60,68,48,51,29

0,4,6,53,50,43,45,20
0,4,10,59,58,49,52,26
0,4,13,60,63,52,55,29
0,5,16,62,64,51,57,30
0,4,18,61,64,51,57,30

4,16,15,63,57,38,40,15
3,18,20,68,65,42,48,20
2,21,21,70,68,49,54,26
2,23,21,70,70,52,57,29
3,23,21,70,71,55,58,31
4,23,21,70,71,54,59,32

20,13,18,60,51,38,49,27
22,17,23,64,59,45,58,36
19,19,28,68,63,52,64,44
17,21,30,69,65,57,68,48
14,21,31,72,69,62,70,50
11,21,32,75,72,62,71,48

16,14,17,57,45,24,41,19
18,22,25,69,59,36,53,28
20,27,33,78,69,42,61,33
20,29,36,84,77,52,69,43
17,30,39,89,83,55,72,48
17,30,39,89,83,55,72,48
14,30,41,92,85,56,74,48

24,19,17,64,44,33,52,29
27,22,21,69,53,42,59,35
24,20,23,75,62,49,68,44

21,19,18,57,49,25,40,21
19,21,27,72,59,35,49,25
17,20,32,76,64,38,53,30
14,18,33,79,67,43,55,32
11,16,32,81,70,44,56,33

8,6,6,59,38,17,27,10
6,8,16,66,50,28,41,17
5,9,20,69,59,37,52,25
4,8,21,73,62,45,58,29
3,7,21,76,64,49,61,31

7,4,6,54,44,23,35,6
8,9,14,66,55,32,48,15
8,13,19,75,60,40,49,17
7,15,24,78,63,40,51,19

13,16,12,56,53,29,34,17
13,20,17,66,66,37,47,26
10,22,21,71,73,45,55,30
7,22,23,76,77,51,59,33
5,20,23,76,80,53,60,33

17,24,20,62,45,18,37,21
20,32,27,69,58,33,49,27
20,36,29,73,67,41,55,33
20,36,29,73,67,41,55,33

6,7,9,52,51,31,48,16
7,10,12,61,60,39,53,21
5,11,13,67,63,43,56,26
3,11,14,70,66,46,58,27

18,24,11,50,34,20,27,9
20,30,21,65,52,35,42,19
18,31,23,71,62,42,48,21
15,29,22,76,65,46,53,25
13,25,21,77,68,50,54,27

16,16,9,50,28,22,28,9
21,27,17,61,47,40,41,17
19,28,20,66,54,47,48,21
17,27,21,71,60,50,52,23
14,24,22,74,64,51,53,25

15,19,17,55,46,37,43,18
14,20,21,63,56,43,49,22
11,18,23,72,61,48,54,25
8,17,24,78,64,51,56,27
6,16,23,80,66,53,56,26

7,12,9,50,35,26,38,15
10,18,15,61,49,39,51,24
9,18,18,68,58,49,59,31
9,18,18,68,58,49,59,31
7,17,19,73,65,54,62,33
6,15,20,76,69,57,63,35
5,12,20,77,71,58,64,35

6,5,13,67,56,50,47,21
5,8,18,73,65,57,53,27
4,9,23,79,70,58,58,29
3,9,24,81,73,59,59,30

5,10,14,54,42,31,32,11
5,15,20,62,52,41,42,16
4,14,18,66,56,46,48,20
2,13,17,66,59,48,50,21

3,4,9,64,39,38,39,16
2,5,12,75,49,43,43,18
1,5,17,80,57,46,45,19
1,4,18,81,60,46,46,19

7,10,10,54,40,30,35,14
8,16,16,62,48,38,42,20
7,16,19,65,53,43,48,23
7,15,21,68,58,44,52,26
5,14,22,71,62,49,56,26
3,12,22,74,64,52,58,26

6,14,15,63,47,36,42,13
6,14,17,71,53,42,48,17
4,12,21,76,58,46,50,19
3,9,23,77,60,47,51,21
2,8,24,78,62,47,51,20

9,4,8,59,42,36,36,9
7,6,16,69,58,45,48,18
5,7,19,75,63,47,53,21
4,7,19,78,64,51,56,25
2,6,20,78,67,51,56,25

3,4,28,56,46,43,34,6
2,4,33,63,50,51,42,13
2,4,36,67,56,55,46,16
2,4,38,68,59,57,48,16
2,4,40,68,59,58,47,16

6,10,12,38,57,55,49,20

2,10,5,39,52,45,51,33
1,11,8,45,56,49,55,36
1,10,8,46,59,49,56,34

5,14,15,58,52,42,44,23
6,19,20,70,65,54,54,31
6,22,25,79,77,57,61,37
6,24,29,82,83,60,65,42
6,25,30,83,86,61,68,44
5,23,29,82,86,64,69,45

1,2,13,64,53,26,34,19
1,6,19,73,61,34,43,24
1,6,19,73,61,34,43,24
0,9,20,76,65,38,47,25
0,10,21,77,65,39,47,25

2,14,4,35,63,47,49,13
2,14,5,43,68,50,50,13
1,15,7,47,72,54,51,14
1,16,8,50,75,55,50,14
0,16,9,56,76,55,50,13

0,0,16,63,49,45,46,17
0,0,20,70,53,50,51,21
0,0,22,73,57,52,56,25
0,0,22,76,57,52,56,26

4,2,13,62,41,32,38,18
4,1,17,69,50,41,47,21
3,1,19,74,55,48,50,26
2,1,19,77,57,51,52,28

0,5,2,33,63,55,39,10
0,10,4,39,72,61,47,16
0,10,5,44,77,66,53,22
0,10,6,48,77,67,56,24
0,10,7,50,76,68,56,27
0,9,7,50,76,68,57,27

0,4,13,51,52,46,50,24
0,4,16,56,56,51,55,28
0,4,16,58,60,55,60,31
0,3,15,59,61,57,61,32
0,3,14,59,61,58,61,34
0,2,12,59,61,58,61,34

0,3,11,46,43,43,38,15

27,20,17,39,43,15,16,3
41,37,44,67,75,40,47,24
45,48,58,95,101,64,66,43
48,51,64,105,112,76,76,56
47,53,71,112,118,82,83,63
47,55,72,117,122,84,85,65

29,30,26,61,80,43,45,23
39,48,45,88,103,64,65,42
47,57,60,105,118,83,82,56
48,61,67,114,126,91,90,63
48,62,71,119,132,95,94,68
47,63,74,124,135,98,97,70
45,63,75,125,137,98,98,71

33,22,20,55,62,28,29,12
42,51,47,84,94,53,54,33
48,58,58,98,106,70,71,50
48,62,64,106,117,83,83,58
48,66,68,111,125,89,92,64
46,68,72,118,133,97,99,72
44,68,74,122,137,100,102,76
42,66,75,125,139,101,103,77

25,26,16,47,66,38,23,4
46,58,47,75,100,77,56,26
56,69,60,85,111,86,67,38
60,75,65,91,117,94,78,48
64,78,70,94,123,104,87,58
64,80,72,100,132,113,93,64
62,80,74,104,138,118,96,67
61,79,76,109,142,121,97,68

52,48,44,69,75,57,48,34
61,61,63,96,102,80,78,51
66,69,71,108,115,92,90,62
69,76,80,117,126,105,99,73
72,79,87,124,135,111,107,81
73,80,91,129,143,117,113,85
71,80,91,132,146,118,114,87

53,51,34,72,86,58,56,24
67,70,51,87,102,77,74,38
71,76,64,100,115,92,84,50
73,80,73,107,125,102,93,59
75,82,80,114,132,111,99,67
76,82,81,115,136,118,102,73
75,81,83,116,138,120,105,76

65,45,34,79,68,46,42,24
75,69,58,96,96,72,67,47
79,76,70,103,106,86,74,55
82,84,80,111,119,96,86,67
83,89,85,117,130,102,92,70
83,91,89,123,139,107,97,74
84,92,90,126,143,111,99,75
82,91,91,129,144,112,99,74

37,36,24,50,66,44,25,7
54,69,51,76,98,82,58,38
62,79,60,85,111,93,70,46
64,81,66,95,122,101,80,51
65,81,69,101,130,108,85,56
63,81,72,103,137,115,90,59
62,81,74,104,141,120,93,61
59,79,77,107,141,120,95,63

58,41,51,46,48,39,26,1
66,50,69,72,73,71,52,23
67,54,80,83,83,85,63,35
68,55,85,85,91,90,69,43
68,56,88,87,97,92,72,46
66,56,88,88,100,98,75,48
64,57,89,90,103,100,74,48

60,42,59,58,52,41,25,5
72,58,79,76,78,65,45,18
79,64,89,88,92,83,57,30
84,67,96,92,99,91,64,37
87,71,100,96,106,96,69,43
86,72,102,98,108,103,71,48
83,72,103,99,110,105,74,50
80,69,104,100,111,107,75,53

64,50,40,72,76,68,64,45
74,62,58,89,97,86,89,64
85,74,69,101,108,98,106,79
88,78,75,108,117,105,110,86
90,80,77,110,122,108,113,92
89,82,77,111,125,112,117,95
86,84,78,111,129,118,120,97
83,83,78,110,131,120,121,98

40,33,16,46,60,58,55,26
60,64,47,90,106,86,86,59
72,76,66,107,123,100,97,73
76,81,77,115,133,108,105,83
78,83,84,121,138,116,112,94
80,84,87,125,141,120,116,99
81,87,89,125,143,121,117,98

35,38,22,62,73,44,58,39
58,65,54,86,108,81,91,72
65,75,68,103,121,91,99,81
69,84,73,112,131,98,106,85
71,87,79,119,139,106,111,93
72,89,84,126,144,111,116,96
73,91,90,132,148,112,117,98

55,53,40,83,100,59,63,48
67,70,58,103,119,83,87,72
71,80,69,117,129,97,98,81
73,83,79,126,139,107,109,90
73,86,87,131,146,112,114,94
72,88,92,133,147,114,118,96
72,90,93,134,148,115,119,96

27,16,16,60,66,29,32,16
54,58,58,94,102,72,74,65
66,70,74,111,124,91,91,84
72,78,78,120,131,101,102,92
75,83,85,126,141,109,111,97
76,87,90,132,146,113,115,99
74,89,92,135,149,115,118,99
72,90,93,138,151,118,117,99

27,15,14,48,57,30,39,11
40,38,36,72,85,60,67,34
54,55,57,94,108,83,85,51
57,64,66,108,123,93,91,59
58,68,71,115,132,98,95,63
58,70,75,118,136,101,97,64
56,71,74,118,138,104,97,64

33,29,19,45,71,66,57,17
55,54,42,72,99,94,78,42
64,66,62,89,112,102,85,50
65,69,65,95,119,109,88,54
64,71,67,99,122,112,91,57
62,71,69,100,121,111,92,58

29,25,26,36,58,45,47,14
32,35,41,57,78,66,59,28
35,42,50,67,87,77,67,36
36,47,54,73,93,79,72,41
34,50,55,74,96,85,76,46
32,51,54,77,98,88,78,49
30,49,51,78,99,88,79,51

28,34,22,55,56,38,33,12
45,53,46,75,80,58,52,29
51,59,53,83,89,67,60,36
53,62,57,87,96,71,64,43
52,62,58,92,102,78,66,46
48,61,59,94,105,82,67,49
46,63,59,96,107,84,67,49

33,30,27,62,66,45,48,26
42,48,52,86,89,66,67,41
45,59,66,97,99,76,72,51
46,64,69,100,107,81,78,57
43,63,68,100,110,82,78,58

48,48,37,65,66,51,51,34
54,61,55,82,89,69,68,45
58,67,67,91,101,76,76,52
56,68,70,98,108,79,78,56
55,69,72,101,112,79,80,59
52,69,71,102,114,81,79,59

25,13,8,47,54,22,18,8
39,43,40,78,87,54,53,32
42,52,55,92,96,65,66,45
45,57,62,100,103,75,73,51
45,59,65,102,110,79,76,55
43,59,66,104,111,80,78,55

52,36,35,69,77,61,58,41
58,53,54,82,88,73,69,48
58,53,54,82,88,73,69,48
61,60,64,89,94,81,73,54
61,62,66,94,100,83,77,56
60,63,67,96,102,82,79,57
57,62,67,98,105,83,79,57

29,18,17,40,44,27,29,20
48,46,42,70,67,54,59,45
56,57,52,83,87,72,73,56
58,64,58,89,96,79,78,59
56,65,64,96,101,84,81,61
55,64,68,101,104,87,82,62
53,63,70,103,107,88,81,62

33,15,50,49,39,35,8,0
38,29,67,64,56,54,18,2
38,35,79,71,68,64,25,6
37,38,84,76,75,68,29,10
36,39,87,79,77,70,30,11
33,39,88,79,78,74,31,12
31,38,88,81,78,76,31,14

20,19,51,63,54,43,41,13
23,27,56,75,62,51,47,19
23,29,60,82,71,56,54,23
22,28,60,86,76,59,56,24
20,28,60,90,79,61,57,24

45,36,52,56,39,40,10,0
55,48,74,68,55,66,23,2
58,50,81,77,65,76,32,6
58,51,86,81,70,80,38,10
55,50,89,82,72,83,40,14
51,48,91,84,75,85,44,15

24,20,52,47,35,39,13,0
30,32,67,64,55,58,25,1
35,38,78,73,62,71,29,3
37,41,86,78,66,78,31,5
38,42,93,83,72,83,37,7
38,43,97,86,76,89,39,9
37,43,97,89,78,91,40,10

28,9,51,44,34,25,5,0
42,20,68,69,54,41,17,0
45,28,78,81,65,63,28,1
43,31,85,85,70,75,33,2
40,32,90,87,73,84,36,5
37,33,94,89,76,89,39,8
34,34,94,92,79,92,42,9
32,35,93,93,80,93,44,10

36,20,61,61,44,49,20,1
39,29,70,66,52,59,28,2
36,33,74,71,59,67,33,4
33,33,77,74,61,72,32,4
30,32,79,74,64,79,33,5
26,30,81,77,68,80,34,5

39,23,62,45,30,34,6,0
38,27,67,58,44,58,18,1
37,29,69,65,51,69,26,2
34,28,74,71,56,77,31,3
34,28,74,71,56,77,31,3
31,28,75,75,61,85,33,5
28,26,78,77,63,87,34,7
25,25,81,79,66,87,33,7
22,24,84,81,68,87,32,7

46,30,45,43,18,23,21,1
58,45,66,65,44,45,44,7
63,54,75,77,61,53,54,12
65,56,78,84,69,59,62,21
65,58,79,87,73,64,65,24
64,57,79,89,77,69,67,27
62,56,78,91,79,73,67,28
59,54,78,92,80,73,68,30

36,19,69,50,24,25,10,0
40,31,80,64,41,55,25,1
40,36,89,72,55,67,37,4
39,40,92,78,65,73,42,8
37,42,93,83,71,79,46,13
35,44,97,87,74,85,49,17
32,44,99,89,78,89,50,17
29,46,99,92,80,91,50,16
28,46,101,94,81,92,50,14

41,22,72,54,34,31,21,0
47,33,83,65,50,54,33,1
46,39,92,76,62,71,40,6
44,42,97,81,67,81,44,9
41,43,99,85,73,85,45,12
36,43,99,86,76,89,46,14

46,34,65,57,34,41,14,1
48,45,77,70,51,60,33,5
48,50,83,78,60,71,42,11
48,49,85,83,67,82,46,17
47,48,85,86,70,86,49,22
45,46,85,90,72,89,52,24

24,22,70,42,27,17,2,0
35,33,82,63,46,42,19,0
43,40,89,75,60,62,32,4
43,42,93,82,67,77,43,8
43,44,96,88,74,85,50,14
42,45,98,90,78,89,53,17
38,45,98,92,78,89,52,18

27,10,52,27,9,8,6,1
44,27,72,50,26,27,25,4
50,38,86,68,51,57,44,7
51,45,94,75,62,69,51,10
48,47,97,80,66,76,55,14
48,47,97,80,66,76,55,14
45,47,97,85,70,83,56,16
42,46,95,86,70,88,58,18
38,44,94,89,72,88,58,20

31,33,31,44,59,39,34,13
49,55,53,64,77,67,58,30
55,65,63,74,87,79,68,42
54,65,65,79,94,87,71,45
54,65,65,79,94,87,71,45
51,64,64,81,99,87,72,45

26,16,12,34,45,31,11,5
35,38,37,63,77,64,45,23
38,45,48,75,90,74,57,32
38,50,53,85,99,87,64,38
37,54,56,91,108,93,69,43
36,56,59,94,115,98,73,47
34,57,60,97,118,99,77,50
32,58,61,98,120,102,79,53

22,23,8,38,48,33,26,5
38,48,46,71,77,68,52,20
46,54,56,81,92,79,63,27
48,57,62,89,104,87,71,36
47,61,65,95,109,94,75,40
46,64,68,97,112,98,78,44
43,65,72,101,115,98,79,44

44,25,16,35,51,38,23,2
54,52,44,72,80,66,54,18
56,60,60,84,93,76,63,28
55,62,64,94,102,83,67,32
55,63,68,100,107,87,70,36
53,65,69,102,110,89,73,38
50,64,70,102,113,88,73,40

28,13,13,28,49,26,21,2
44,36,36,47,71,50,48,12
50,55,57,70,88,67,57,19
56,59,63,76,93,74,61,25
59,60,66,79,97,79,62,29
58,59,67,82,104,86,68,34
56,58,68,84,108,89,72,37

27,21,27,48,73,58,43,14
34,38,49,66,91,71,57,22
40,49,57,78,98,81,62,32
42,52,60,83,102,85,66,38
43,55,62,88,106,89,68,42
43,56,63,88,107,93,71,45
41,55,64,88,109,93,73,46

22,10,19,43,42,48,27,2
29,22,41,71,69,66,44,15
30,31,47,83,80,73,54,24
31,36,53,92,87,77,61,32
32,38,58,96,92,81,65,37
34,42,63,99,96,88,70,41
36,43,65,101,98,89,71,44
35,46,66,102,99,89,71,47
35,46,64,102,99,89,71,49
33,44,65,103,101,88,73,50

34,16,31,57,58,57,41,11
42,32,52,80,75,68,53,25
46,43,62,88,83,79,62,36
46,43,62,88,83,79,62,36
49,43,65,94,89,80,66,39
49,45,68,99,93,84,69,44
47,46,68,102,96,86,71,45
43,45,69,104,98,88,71,46

37,21,33,69,66,59,43,16
47,41,53,90,81,73,58,31
53,52,61,102,90,78,65,37
54,58,68,108,96,84,71,43
55,60,73,113,103,89,75,48
54,63,79,114,107,92,78,51
52,63,81,116,106,93,79,50

35,23,12,46,65,41,29,1
47,45,29,65,86,68,53,9
53,59,51,78,96,81,63,18
60,64,56,84,106,91,67,26
62,67,59,87,110,95,70,32
63,68,62,89,112,98,72,34
63,69,65,92,114,97,71,36
76,68,67,93,114,98,74,37

37,20,4,15,46,51,27,2
41,35,28,38,70,68,46,8
45,44,40,56,83,82,54,15
49,52,50,71,95,88,61,23
54,58,57,81,103,93,66,29
55,63,63,85,107,96,68,33
55,64,63,85,110,97,70,34
55,63,64,87,111,97,71,36

41,23,18,41,44,45,34,6
52,43,39,61,67,62,52,14
58,55,48,72,76,68,61,20
62,62,56,80,80,76,65,27
64,67,61,84,84,80,66,30
65,69,64,87,87,81,68,32
65,68,65,89,89,83,70,36
62,67,65,92,93,86,74,38
58,65,65,94,94,88,75,40

47,26,21,39,59,46,36,8
53,42,41,60,81,63,48,19
56,52,52,72,92,77,58,30
56,52,52,72,92,77,58,30
56,54,56,79,103,88,65,37
56,54,56,79,103,88,65,37
53,53,57,79,106,93,69,39

30,39,40,56,75,64,37,7
42,52,54,73,91,80,54,17
48,60,65,83,100,88,66,29
51,64,73,90,105,96,74,40
51,66,75,93,112,102,77,44
50,67,77,94,116,105,80,46
48,67,77,95,118,106,80,48

36,36,47,64,84,56,35,13
41,49,58,81,103,77,54,23
41,55,62,89,112,84,63,34
41,59,70,95,122,90,69,40
41,64,76,101,128,96,74,43
40,66,77,102,130,98,75,46

30,21,37,49,41,39,15,2
38,35,58,68,58,56,32,6
43,43,68,81,70,70,44,10
44,45,72,88,76,76,52,13
44,48,78,93,81,84,59,18
41,52,80,101,90,87,64,23
39,51,80,106,96,88,67,27
36,49,80,108,99,90,67,28

39,33,46,71,81,58,37,11
43,44,57,83,89,67,48,20
43,47,66,91,97,75,57,30
43,50,70,97,104,81,64,35
41,54,73,105,110,85,68,37
40,56,75,110,113,88,71,40
37,55,76,113,115,89,73,40

32,13,17,50,58,27,27,3
40,31,46,80,87,59,54,14
42,44,62,95,108,74,63,20
42,54,68,103,116,81,68,25
39,55,71,106,117,84,70,27
36,56,73,108,121,89,70,30
32,55,73,109,123,91,70,31

40,29,31,50,75,64,41,12
44,39,41,66,88,81,55,20
43,47,48,75,98,90,63,24
44,53,50,78,104,97,67,29
44,55,54,81,109,102,70,33
41,56,58,82,110,103,72,34
38,55,61,84,112,103,72,35

44,49,31,57,70,53,32,10
44,49,31,57,70,53,32,10
48,58,48,74,84,68,46,22
50,62,60,83,97,76,58,28
50,67,69,91,104,85,65,34
48,70,73,94,108,87,69,34
46,71,74,97,112,88,72,35

34,21,25,42,67,57,41,8
44,40,46,61,86,72,59,18
49,45,55,76,99,79,64,22
51,49,59,81,104,89,68,28
52,51,61,83,106,93,69,31
52,52,61,84,108,94,73,35
49,51,61,84,109,97,74,37
46,50,62,84,109,98,75,40
43,50,62,85,109,101,75,41

29,28,18,39,62,35,29,4
43,50,43,68,86,56,50,15
48,60,55,80,97,69,59,24
54,65,63,90,105,78,64,31
55,69,67,94,110,82,69,34
55,70,68,96,113,84,73,35
53,70,70,98,116,88,75,37
50,69,71,99,120,92,77,38

26,26,21,40,70,47,41,9
33,41,38,62,84,62,55,21
33,41,38,62,84,62,55,21
34,44,47,72,94,74,60,27
33,45,50,77,101,78,63,31
31,46,52,83,108,82,65,32
28,48,52,86,111,83,67,32
26,48,51,89,113,84,69,31

27,34,22,38,73,63,43,8
36,47,44,61,90,75,54,19
44,55,56,75,100,85,61,25
48,62,61,82,106,90,67,30
51,65,63,85,108,93,68,32
55,65,65,88,111,98,73,36
54,65,65,90,112,98,74,37

38,42,26,37,73,83,47,13
41,53,42,54,83,87,56,20
44,59,50,65,91,92,60,23
53,60,53,68,94,94,64,26
57,60,54,70,96,96,67,29
56,61,54,70,97,97,69,31

30,30,26,36,65,47,39,11
39,42,48,63,78,70,56,21
43,51,59,81,91,85,67,29
47,57,65,92,104,92,75,36
50,64,70,99,110,95,80,41
51,67,74,104,114,98,83,44
53,69,76,108,118,101,85,46
54,69,76,107,120,101,85,46

32,20,31,49,63,41,28,7
42,40,58,75,89,68,50,17
46,48,63,84,100,73,56,24
47,51,65,90,105,77,61,28
45,53,65,94,110,79,64,32
42,53,63,95,112,80,65,34

35,31,25,41,62,41,40,12
49,47,45,66,79,59,52,22
56,53,52,73,89,70,57,26
54,53,52,80,99,78,61,29
53,51,54,84,106,85,65,32
50,50,54,86,108,88,67,32

30,13,43,54,39,45,9,0
33,21,63,66,51,55,17,1
33,21,63,66,51,55,17,1
32,25,75,71,59,62,21,4
30,26,82,73,60,66,24,6
26,26,85,74,64,69,25,7
23,24,84,76,65,72,25,7

30,19,70,66,46,47,8,0
32,28,77,75,59,65,18,1
37,32,79,79,66,74,25,3
38,34,83,83,72,79,30,7
36,36,87,86,78,84,35,10
33,36,88,87,82,86,37,11
30,36,88,89,85,90,39,12
27,34,89,90,86,91,40,13

29,19,54,54,41,38,17,0
42,36,72,69,57,53,31,1
44,40,79,75,64,67,39,4
45,41,85,80,71,79,42,7
44,43,90,83,78,86,47,11
43,43,93,86,81,90,49,14
40,42,95,88,84,94,51,16
37,42,96,90,87,97,54,16
35,43,96,90,88,97,53,15

29,13,52,54,32,51,16,0
36,23,64,63,44,59,29,2
42,33,74,73,59,69,37,3
47,38,81,80,65,76,40,5
49,42,86,85,70,80,43,6
49,44,91,89,76,83,44,7
46,43,94,89,78,83,42,7

44,29,52,54,40,42,18,0
52,39,67,67,56,58,29,1
58,46,75,75,68,66,37,4
59,50,79,80,73,71,41,7
56,50,84,82,77,74,44,9
53,49,89,84,80,78,47,12
49,48,90,85,80,81,48,13

26,19,33,63,47,44,31,7
32,29,53,80,68,69,51,21
35,35,63,90,80,79,58,28
36,42,72,100,91,88,63,34
37,48,78,103,97,94,68,36
37,52,84,106,102,98,71,39
37,52,85,111,103,100,74,40

37,27,67,72,62,54,19,2
37,33,78,79,71,70,28,5
35,37,84,84,77,81,34,7
33,39,89,88,80,86,37,9
31,39,91,90,83,89,38,10

29,17,63,72,43,42,19,1
46,34,78,82,61,59,31,3
53,48,90,87,70,70,39,7
55,56,96,93,74,78,44,10
56,58,100,95,81,87,48,13
56,59,103,96,86,91,49,14
55,59,105,98,88,96,49,15

35,17,53,53,41,23,7,0
38,30,69,68,59,48,19,1
40,39,80,79,70,58,30,3
40,42,89,86,78,71,37,7
41,45,95,90,83,78,41,11
40,48,100,92,86,84,43,14
38,48,103,95,86,86,43,14

35,25,66,62,50,38,18,0
40,37,74,72,62,50,27,2
40,43,80,76,71,58,32,5
40,46,88,80,76,67,36,8
39,49,92,84,79,73,38,10
39,52,95,87,82,78,41,13
37,51,97,90,83,79,41,13

31,14,57,60,42,26,8,0
36,21,75,74,57,48,20,1
38,29,82,79,68,60,26,6
37,34,87,83,75,71,31,7
36,37,92,87,81,79,33,10
35,39,97,93,85,83,35,11
32,42,103,98,93,89,39,13
29,43,106,100,95,92,40,12

28,11,54,47,33,36,5,0
45,30,69,65,59,56,22,4
54,41,77,75,71,70,31,8
59,45,85,82,77,77,36,11
61,48,90,86,81,81,39,13
60,50,98,91,86,86,41,15
58,53,101,97,91,91,45,17
55,54,104,99,95,98,46,19

35,8,58,66,55,53,10,0
39,22,72,76,67,66,22,2
40,28,78,79,74,76,27,3
38,32,83,82,77,79,30,5
35,35,88,88,82,83,32,6
33,37,92,88,84,86,34,7
30,36,94,88,85,88,35,7

37,16,23,58,83,46,31,16
49,50,46,82,104,70,49,28
53,62,59,93,114,79,57,38
55,65,64,97,120,86,65,44
54,65,64,101,122,88,71,46
52,64,64,104,124,89,73,46

34,21,10,53,72,35,18,7
47,47,43,80,97,64,41,24
53,57,53,88,108,75,52,35
53,61,59,97,115,80,61,42
52,66,64,103,121,83,67,47
48,67,67,109,125,86,72,48
46,66,70,115,130,90,76,50
42,65,72,119,134,93,78,50

29,18,13,48,56,22,11,3
52,43,48,82,96,62,44,29
61,60,63,95,106,73,56,39
65,66,69,102,111,79,61,45
65,69,72,105,115,85,62,49
63,69,73,107,116,86,63,49
60,68,74,110,117,86,66,47

32,7,18,57,62,30,12,9
44,25,41,83,83,54,34,25
51,42,66,99,94,63,46,34
59,53,83,110,104,68,56,40
62,57,90,118,108,71,61,42
63,57,92,122,111,72,63,42
62,59,92,125,113,78,68,42
61,58,92,127,114,82,70,41

26,5,25,62,51,16,8,1
54,42,50,89,83,55,42,24
67,59,67,102,93,65,52,35
69,65,73,106,104,73,61,42
68,68,76,111,110,77,68,45
66,70,81,117,113,82,73,47
64,70,83,120,116,87,76,46
61,69,85,123,120,89,80,45

24,8,15,63,59,34,18,4
36,24,39,84,82,55,30,22
42,42,57,96,99,65,45,34
47,52,66,104,108,73,52,41
50,59,73,108,114,80,62,45
51,63,75,111,121,87,69,46
49,66,76,114,125,91,72,46

34,25,28,44,67,50,25,16
39,36,39,59,79,63,46,23
43,44,45,66,84,75,61,26
46,51,50,72,92,84,68,31
48,57,54,75,96,93,75,34
54,60,59,79,102,98,79,37
59,62,62,81,105,103,81,39
67,64,64,81,106,105,84,41
70,62,62,81,108,106,85,41

28,22,29,59,71,59,43,18
28,22,29,59,71,59,43,18
31,36,48,78,94,78,59,34
36,46,57,89,104,87,67,43
39,53,62,95,109,92,72,46
42,58,64,99,113,96,79,47
44,60,67,104,116,97,82,48
43,62,68,106,118,99,84,49
42,62,69,110,119,100,86,49

31,10,32,48,58,49,35,1
34,24,46,62,76,63,53,9
36,28,53,72,86,73,63,14
34,30,56,79,91,79,69,20
32,31,59,85,94,84,75,25
29,32,61,88,98,88,78,28
28,33,62,91,102,91,80,31
28,34,65,94,105,94,82,33
27,34,66,97,106,95,83,33
25,32,68,99,106,93,83,33

31,45,29,63,74,65,41,16
50,72,48,82,89,76,51,31
60,81,60,91,99,85,60,38
71,83,66,96,106,93,66,43
74,83,70,102,112,99,71,47
72,82,74,107,117,102,75,49
70,83,77,112,122,104,80,51
67,81,79,115,126,110,83,50
64,81,80,117,129,114,84,51
60,80,80,118,130,116,85,50

27,37,29,54,75,51,30,19
30,46,49,73,91,68,45,30
30,46,49,73,91,68,45,30
30,51,57,84,103,79,56,36
30,54,59,91,112,87,66,38
30,56,60,94,117,93,72,40
28,59,62,98,122,99,76,43
25,60,63,100,126,101,78,45
25,58,64,101,128,101,79,44

24,27,33,73,82,61,44,29
29,40,46,89,97,76,57,42
30,46,55,100,106,86,68,48
29,48,62,103,112,94,77,49
29,48,62,103,112,94,77,49
30,50,66,106,116,100,81,51
30,51,68,109,119,102,83,52
30,52,70,112,121,104,86,52
28,52,71,113,122,103,87,51

20,19,17,62,68,37,20,15
29,33,33,81,87,60,41,36
33,45,44,95,104,72,55,49
37,53,54,109,117,87,64,60
39,57,60,120,123,94,71,66
39,60,66,127,125,100,76,71
39,60,66,127,125,100,76,71
38,62,70,129,129,100,78,72
36,62,71,130,130,101,79,72
34,62,72,130,130,101,80,71

37,27,33,72,79,60,37,39
50,46,50,90,90,72,51,51
57,51,60,96,97,81,59,59
56,54,62,101,103,85,63,61
55,54,63,104,107,86,67,62
55,54,63,104,107,86,67,62
52,53,64,104,110,88,70,61
48,52,63,106,112,92,72,61
